[1] "names"
 [1] "RELY"  "DATA"  "CPLX"  "RUSE"  "PVOL"  "ACAP"  "APEX"  "RISK1" "RISK2"
[10] "RISK3" "RISK4" "RISK5"
[1] "RELY" "DATA" "CPLX" "RUSE" "PVOL" "ACAP" "APEX"
RISK1 + RISK2 + RISK3 + RISK4 + RISK5 ~ RELY + DATA + CPLX + 
    RUSE + PVOL + ACAP + APEX
$call
neuralnet(formula = f, data = df, hidden = 3, act.fct = "logistic", 
    linear.output = FALSE)

$response
   RISK1 RISK2 RISK3 RISK4 RISK5
1      0     0     0     0     1
2      0     0     0     0     1
3      0     0     0     0     1
4      0     0     0     0     1
5      0     0     0     0     1
6      0     0     0     0     1
7      0     0     0     0     1
8      0     0     0     0     1
9      0     0     0     0     1
10     0     0     0     0     1
11     0     0     0     0     1
12     0     0     0     0     1
13     0     0     0     0     1
14     0     0     0     0     1
15     0     0     0     0     1
16     0     0     0     0     1
17     0     0     0     0     1
18     0     0     0     0     1
19     0     0     0     0     1
20     0     0     0     1     0
21     0     0     0     1     0
22     0     0     0     1     0
23     0     0     0     1     0
24     0     0     0     1     0
25     0     0     0     1     0
26     0     0     0     1     0
27     0     0     0     1     0
28     0     0     0     1     0
29     0     0     0     1     0
30     0     0     0     1     0
31     0     0     0     1     0
32     0     0     0     1     0
33     0     0     0     1     0
34     0     0     0     1     0
35     0     0     0     1     0
36     0     0     0     1     0
37     0     0     0     1     0
38     0     0     0     1     0
39     0     0     1     0     0
40     0     0     1     0     0
41     0     0     1     0     0
42     0     0     1     0     0
43     0     0     1     0     0
44     0     0     1     0     0
45     0     0     1     0     0
46     0     0     1     0     0
47     0     0     1     0     0
48     0     0     1     0     0
49     0     0     1     0     0
50     0     0     1     0     0
51     0     0     1     0     0
52     0     0     1     0     0
53     0     0     1     0     0
54     0     0     1     0     0
55     0     0     1     0     0
56     0     0     1     0     0
57     0     0     1     0     0
58     0     1     0     0     0
59     0     1     0     0     0
60     0     1     0     0     0
61     0     1     0     0     0
62     0     1     0     0     0
63     0     1     0     0     0
64     0     1     0     0     0
65     0     1     0     0     0
66     0     1     0     0     0
67     0     1     0     0     0
68     0     1     0     0     0
69     0     1     0     0     0
70     0     1     0     0     0
71     0     1     0     0     0
72     0     1     0     0     0
73     0     1     0     0     0
74     0     1     0     0     0
75     0     1     0     0     0
76     0     1     0     0     0
77     1     0     0     0     0
78     1     0     0     0     0
79     1     0     0     0     0
80     1     0     0     0     0
81     1     0     0     0     0
82     1     0     0     0     0
83     1     0     0     0     0
84     1     0     0     0     0
85     1     0     0     0     0
86     1     0     0     0     0
87     1     0     0     0     0
88     1     0     0     0     0
89     1     0     0     0     0
90     1     0     0     0     0
91     1     0     0     0     0
92     1     0     0     0     0
93     1     0     0     0     0
94     1     0     0     0     0
95     1     0     0     0     0

$covariate
      [,1] [,2] [,3] [,4] [,5] [,6] [,7]
 [1,] 1.26 1.19 1.14 1.15 1.30 1.22 1.10
 [2,] 1.45 1.19 1.14 1.15 1.30 1.50 1.10
 [3,] 1.45 1.19 1.29 1.15 1.30 1.22 1.12
 [4,] 1.45 1.19 1.14 1.15 1.30 1.22 1.10
 [5,] 1.45 1.19 1.29 1.15 1.30 1.50 1.10
 [6,] 1.45 1.19 1.14 1.15 1.30 1.22 1.12
 [7,] 1.26 1.19 1.29 1.15 1.30 1.22 1.10
 [8,] 1.26 1.19 1.14 1.15 1.30 1.22 1.12
 [9,] 1.45 1.19 1.29 1.15 1.30 1.50 1.10
[10,] 1.26 1.19 1.29 1.15 1.30 1.22 1.10
[11,] 1.45 1.19 1.14 1.15 1.30 1.50 1.12
[12,] 1.45 1.19 1.29 1.15 1.30 1.50 1.10
[13,] 1.26 1.19 1.14 1.15 1.30 1.50 1.10
[14,] 1.45 1.19 1.14 1.15 1.30 1.22 1.10
[15,] 1.26 1.19 1.14 1.15 1.30 1.22 1.12
[16,] 1.26 1.19 1.29 1.15 1.30 1.22 1.12
[17,] 1.26 1.19 1.14 1.15 1.30 1.50 1.10
[18,] 1.26 1.19 1.29 1.15 1.30 1.22 1.10
[19,] 1.26 1.19 1.14 1.15 1.30 1.22 1.10
[20,] 1.26 1.19 1.14 1.15 1.30 1.00 1.10
[21,] 1.26 1.19 1.14 1.07 1.15 1.22 1.00
[22,] 1.10 1.19 1.14 1.07 1.30 1.22 1.10
[23,] 1.10 1.19 1.14 1.07 1.15 1.00 1.00
[24,] 1.26 1.09 1.07 1.15 1.15 1.00 1.10
[25,] 1.10 1.19 1.07 1.07 1.30 1.22 1.10
[26,] 1.10 1.19 1.07 1.15 1.15 1.22 1.10
[27,] 1.26 1.19 1.07 1.15 1.30 1.22 1.10
[28,] 1.10 1.19 1.07 1.15 1.30 1.00 1.10
[29,] 1.26 1.19 1.14 1.15 1.30 1.22 1.00
[30,] 1.26 1.19 1.14 1.07 1.30 1.22 1.10
[31,] 1.10 1.09 1.14 1.07 1.15 1.00 1.10
[32,] 1.26 1.09 1.07 1.07 1.15 1.00 1.10
[33,] 1.10 1.09 1.07 1.07 1.15 1.00 1.10
[34,] 1.26 1.09 1.07 1.07 1.15 1.22 1.10
[35,] 1.10 1.19 1.07 1.15 1.30 1.00 1.10
[36,] 1.10 1.19 1.14 1.07 1.15 1.00 1.10
[37,] 1.26 1.09 1.14 1.07 1.15 1.22 1.10
[38,] 1.26 1.09 1.14 1.15 1.30 1.22 1.10
[39,] 1.00 1.00 1.00 1.07 1.15 0.83 0.89
[40,] 1.10 1.00 1.00 1.00 1.15 1.00 1.00
[41,] 1.10 1.00 1.07 1.07 1.15 1.00 1.00
[42,] 1.10 1.00 1.00 1.00 1.00 1.00 0.89
[43,] 1.10 1.09 1.07 1.07 1.15 0.83 0.89
[44,] 1.00 1.09 1.00 1.07 1.15 1.00 1.00
[45,] 1.10 1.00 1.00 1.07 1.00 1.00 0.89
[46,] 1.00 1.00 1.07 1.07 1.00 0.83 1.00
[47,] 1.10 1.00 1.00 1.00 1.00 1.00 0.89
[48,] 1.10 1.09 1.00 1.07 1.15 0.83 1.00
[49,] 1.00 1.09 1.00 1.00 1.15 0.83 1.00
[50,] 1.00 1.09 1.07 1.00 1.15 1.00 0.89
[51,] 1.00 1.09 1.00 1.00 1.00 0.83 1.00
[52,] 1.10 1.00 1.00 1.07 1.00 0.83 1.00
[53,] 1.10 1.00 1.07 1.00 1.00 1.00 0.89
[54,] 1.00 1.00 1.00 1.07 1.15 1.00 1.00
[55,] 1.10 1.09 1.07 1.07 1.00 0.83 0.89
[56,] 1.10 1.09 1.00 1.07 1.15 0.83 1.00
[57,] 1.10 1.00 1.00 1.07 1.00 0.83 0.89
[58,] 0.92 0.93 0.94 1.00 1.00 0.67 0.81
[59,] 1.00 0.93 1.00 1.00 1.00 0.67 0.89
[60,] 1.00 0.93 0.94 0.95 1.00 0.67 0.89
[61,] 1.00 0.93 1.00 0.95 1.00 0.83 0.81
[62,] 1.00 1.00 1.00 1.00 1.00 0.83 0.81
[63,] 1.00 1.00 1.00 1.00 1.00 0.67 0.81
[64,] 0.92 0.93 0.94 1.00 0.87 0.67 0.89
[65,] 0.92 1.00 1.00 1.00 1.00 0.67 0.89
[66,] 0.92 0.93 0.94 0.95 1.00 0.83 0.89
[67,] 0.92 0.93 1.00 1.00 0.87 0.67 0.81
[68,] 0.92 1.00 0.94 0.95 0.87 0.67 0.89
[69,] 1.00 1.00 0.94 0.95 1.00 0.67 0.89
[70,] 1.00 0.93 1.00 1.00 1.00 0.67 0.81
[71,] 0.92 1.00 1.00 1.00 0.87 0.83 0.81
[72,] 1.00 0.93 0.94 1.00 0.87 0.83 0.81
[73,] 1.00 1.00 0.94 0.95 1.00 0.83 0.89
[74,] 0.92 1.00 1.00 1.00 0.87 0.83 0.81
[75,] 0.92 0.93 1.00 0.95 1.00 0.83 0.81
[76,] 1.00 1.00 0.94 1.00 0.87 0.83 0.81
[77,] 0.82 0.93 0.94 0.95 0.87 0.67 0.81
[78,] 0.92 0.93 0.94 0.95 0.87 0.67 0.81
[79,] 0.82 0.93 0.94 0.95 0.87 0.67 0.81
[80,] 0.82 0.93 0.87 0.95 0.87 0.67 0.81
[81,] 0.92 0.93 0.87 0.95 0.87 0.67 0.81
[82,] 0.82 0.93 0.87 0.95 0.87 0.67 0.81
[83,] 0.82 0.93 0.94 0.95 0.87 0.67 0.81
[84,] 0.92 0.93 0.87 0.95 0.87 0.67 0.81
[85,] 0.82 0.93 0.94 0.95 0.87 0.67 0.81
[86,] 0.92 0.93 0.87 0.95 0.87 0.67 0.81
[87,] 0.92 0.93 0.87 0.95 0.87 0.67 0.81
[88,] 0.92 0.93 0.87 0.95 0.87 0.67 0.81
[89,] 0.82 0.93 0.87 0.95 0.87 0.67 0.81
[90,] 0.82 0.93 0.94 0.95 0.87 0.67 0.81
[91,] 0.92 0.93 0.94 0.95 0.87 0.67 0.81
[92,] 0.92 0.93 0.87 0.95 0.87 0.67 0.81
[93,] 0.92 0.93 0.87 0.95 0.87 0.67 0.81
[94,] 0.82 0.93 0.94 0.95 0.87 0.67 0.81
[95,] 0.92 0.93 0.87 0.95 0.87 0.67 0.81

$model.list
$model.list$response
[1] "RISK1" "RISK2" "RISK3" "RISK4" "RISK5"

$model.list$variables
[1] "RELY" "DATA" "CPLX" "RUSE" "PVOL" "ACAP" "APEX"


$err.fct
function (x, y) 
{
    1/2 * (y - x)^2
}
<environment: 0x000000001d5a3870>
attr(,"type")
[1] "sse"

$act.fct
function (x) 
{
    1/(1 + exp(-x))
}
<environment: 0x000000001d5a3870>
attr(,"type")
[1] "logistic"

$linear.output
[1] FALSE

$data
   RELY DATA CPLX RUSE PVOL ACAP APEX RISK1 RISK2 RISK3 RISK4 RISK5
1  1.26 1.19 1.14 1.15 1.30 1.22 1.10     0     0     0     0     1
2  1.45 1.19 1.14 1.15 1.30 1.50 1.10     0     0     0     0     1
3  1.45 1.19 1.29 1.15 1.30 1.22 1.12     0     0     0     0     1
4  1.45 1.19 1.14 1.15 1.30 1.22 1.10     0     0     0     0     1
5  1.45 1.19 1.29 1.15 1.30 1.50 1.10     0     0     0     0     1
6  1.45 1.19 1.14 1.15 1.30 1.22 1.12     0     0     0     0     1
7  1.26 1.19 1.29 1.15 1.30 1.22 1.10     0     0     0     0     1
8  1.26 1.19 1.14 1.15 1.30 1.22 1.12     0     0     0     0     1
9  1.45 1.19 1.29 1.15 1.30 1.50 1.10     0     0     0     0     1
10 1.26 1.19 1.29 1.15 1.30 1.22 1.10     0     0     0     0     1
11 1.45 1.19 1.14 1.15 1.30 1.50 1.12     0     0     0     0     1
12 1.45 1.19 1.29 1.15 1.30 1.50 1.10     0     0     0     0     1
13 1.26 1.19 1.14 1.15 1.30 1.50 1.10     0     0     0     0     1
14 1.45 1.19 1.14 1.15 1.30 1.22 1.10     0     0     0     0     1
15 1.26 1.19 1.14 1.15 1.30 1.22 1.12     0     0     0     0     1
16 1.26 1.19 1.29 1.15 1.30 1.22 1.12     0     0     0     0     1
17 1.26 1.19 1.14 1.15 1.30 1.50 1.10     0     0     0     0     1
18 1.26 1.19 1.29 1.15 1.30 1.22 1.10     0     0     0     0     1
19 1.26 1.19 1.14 1.15 1.30 1.22 1.10     0     0     0     0     1
20 1.26 1.19 1.14 1.15 1.30 1.00 1.10     0     0     0     1     0
21 1.26 1.19 1.14 1.07 1.15 1.22 1.00     0     0     0     1     0
22 1.10 1.19 1.14 1.07 1.30 1.22 1.10     0     0     0     1     0
23 1.10 1.19 1.14 1.07 1.15 1.00 1.00     0     0     0     1     0
24 1.26 1.09 1.07 1.15 1.15 1.00 1.10     0     0     0     1     0
25 1.10 1.19 1.07 1.07 1.30 1.22 1.10     0     0     0     1     0
26 1.10 1.19 1.07 1.15 1.15 1.22 1.10     0     0     0     1     0
27 1.26 1.19 1.07 1.15 1.30 1.22 1.10     0     0     0     1     0
28 1.10 1.19 1.07 1.15 1.30 1.00 1.10     0     0     0     1     0
29 1.26 1.19 1.14 1.15 1.30 1.22 1.00     0     0     0     1     0
30 1.26 1.19 1.14 1.07 1.30 1.22 1.10     0     0     0     1     0
31 1.10 1.09 1.14 1.07 1.15 1.00 1.10     0     0     0     1     0
32 1.26 1.09 1.07 1.07 1.15 1.00 1.10     0     0     0     1     0
33 1.10 1.09 1.07 1.07 1.15 1.00 1.10     0     0     0     1     0
34 1.26 1.09 1.07 1.07 1.15 1.22 1.10     0     0     0     1     0
35 1.10 1.19 1.07 1.15 1.30 1.00 1.10     0     0     0     1     0
36 1.10 1.19 1.14 1.07 1.15 1.00 1.10     0     0     0     1     0
37 1.26 1.09 1.14 1.07 1.15 1.22 1.10     0     0     0     1     0
38 1.26 1.09 1.14 1.15 1.30 1.22 1.10     0     0     0     1     0
39 1.00 1.00 1.00 1.07 1.15 0.83 0.89     0     0     1     0     0
40 1.10 1.00 1.00 1.00 1.15 1.00 1.00     0     0     1     0     0
41 1.10 1.00 1.07 1.07 1.15 1.00 1.00     0     0     1     0     0
42 1.10 1.00 1.00 1.00 1.00 1.00 0.89     0     0     1     0     0
43 1.10 1.09 1.07 1.07 1.15 0.83 0.89     0     0     1     0     0
44 1.00 1.09 1.00 1.07 1.15 1.00 1.00     0     0     1     0     0
45 1.10 1.00 1.00 1.07 1.00 1.00 0.89     0     0     1     0     0
46 1.00 1.00 1.07 1.07 1.00 0.83 1.00     0     0     1     0     0
47 1.10 1.00 1.00 1.00 1.00 1.00 0.89     0     0     1     0     0
48 1.10 1.09 1.00 1.07 1.15 0.83 1.00     0     0     1     0     0
49 1.00 1.09 1.00 1.00 1.15 0.83 1.00     0     0     1     0     0
50 1.00 1.09 1.07 1.00 1.15 1.00 0.89     0     0     1     0     0
51 1.00 1.09 1.00 1.00 1.00 0.83 1.00     0     0     1     0     0
52 1.10 1.00 1.00 1.07 1.00 0.83 1.00     0     0     1     0     0
53 1.10 1.00 1.07 1.00 1.00 1.00 0.89     0     0     1     0     0
54 1.00 1.00 1.00 1.07 1.15 1.00 1.00     0     0     1     0     0
55 1.10 1.09 1.07 1.07 1.00 0.83 0.89     0     0     1     0     0
56 1.10 1.09 1.00 1.07 1.15 0.83 1.00     0     0     1     0     0
57 1.10 1.00 1.00 1.07 1.00 0.83 0.89     0     0     1     0     0
58 0.92 0.93 0.94 1.00 1.00 0.67 0.81     0     1     0     0     0
59 1.00 0.93 1.00 1.00 1.00 0.67 0.89     0     1     0     0     0
60 1.00 0.93 0.94 0.95 1.00 0.67 0.89     0     1     0     0     0
61 1.00 0.93 1.00 0.95 1.00 0.83 0.81     0     1     0     0     0
62 1.00 1.00 1.00 1.00 1.00 0.83 0.81     0     1     0     0     0
63 1.00 1.00 1.00 1.00 1.00 0.67 0.81     0     1     0     0     0
64 0.92 0.93 0.94 1.00 0.87 0.67 0.89     0     1     0     0     0
65 0.92 1.00 1.00 1.00 1.00 0.67 0.89     0     1     0     0     0
66 0.92 0.93 0.94 0.95 1.00 0.83 0.89     0     1     0     0     0
67 0.92 0.93 1.00 1.00 0.87 0.67 0.81     0     1     0     0     0
68 0.92 1.00 0.94 0.95 0.87 0.67 0.89     0     1     0     0     0
69 1.00 1.00 0.94 0.95 1.00 0.67 0.89     0     1     0     0     0
70 1.00 0.93 1.00 1.00 1.00 0.67 0.81     0     1     0     0     0
71 0.92 1.00 1.00 1.00 0.87 0.83 0.81     0     1     0     0     0
72 1.00 0.93 0.94 1.00 0.87 0.83 0.81     0     1     0     0     0
73 1.00 1.00 0.94 0.95 1.00 0.83 0.89     0     1     0     0     0
74 0.92 1.00 1.00 1.00 0.87 0.83 0.81     0     1     0     0     0
75 0.92 0.93 1.00 0.95 1.00 0.83 0.81     0     1     0     0     0
76 1.00 1.00 0.94 1.00 0.87 0.83 0.81     0     1     0     0     0
77 0.82 0.93 0.94 0.95 0.87 0.67 0.81     1     0     0     0     0
78 0.92 0.93 0.94 0.95 0.87 0.67 0.81     1     0     0     0     0
79 0.82 0.93 0.94 0.95 0.87 0.67 0.81     1     0     0     0     0
80 0.82 0.93 0.87 0.95 0.87 0.67 0.81     1     0     0     0     0
81 0.92 0.93 0.87 0.95 0.87 0.67 0.81     1     0     0     0     0
82 0.82 0.93 0.87 0.95 0.87 0.67 0.81     1     0     0     0     0
83 0.82 0.93 0.94 0.95 0.87 0.67 0.81     1     0     0     0     0
84 0.92 0.93 0.87 0.95 0.87 0.67 0.81     1     0     0     0     0
85 0.82 0.93 0.94 0.95 0.87 0.67 0.81     1     0     0     0     0
86 0.92 0.93 0.87 0.95 0.87 0.67 0.81     1     0     0     0     0
87 0.92 0.93 0.87 0.95 0.87 0.67 0.81     1     0     0     0     0
88 0.92 0.93 0.87 0.95 0.87 0.67 0.81     1     0     0     0     0
89 0.82 0.93 0.87 0.95 0.87 0.67 0.81     1     0     0     0     0
90 0.82 0.93 0.94 0.95 0.87 0.67 0.81     1     0     0     0     0
91 0.92 0.93 0.94 0.95 0.87 0.67 0.81     1     0     0     0     0
92 0.92 0.93 0.87 0.95 0.87 0.67 0.81     1     0     0     0     0
93 0.92 0.93 0.87 0.95 0.87 0.67 0.81     1     0     0     0     0
94 0.82 0.93 0.94 0.95 0.87 0.67 0.81     1     0     0     0     0
95 0.92 0.93 0.87 0.95 0.87 0.67 0.81     1     0     0     0     0

$net.result
$net.result[[1]]
               [,1]             [,2]             [,3]             [,4]
1   0.000000000e+00  0.000000000e+00 5.502956267e-212  5.282682972e-02
2   0.000000000e+00  0.000000000e+00  0.000000000e+00  1.545143450e-39
3   0.000000000e+00  0.000000000e+00  0.000000000e+00  3.034637526e-21
4   0.000000000e+00  0.000000000e+00 2.878321523e-275  1.058422378e-13
5   0.000000000e+00  0.000000000e+00  0.000000000e+00  2.487041868e-46
6   0.000000000e+00  0.000000000e+00 5.303506510e-281  8.871376218e-15
7   0.000000000e+00  0.000000000e+00 7.730804594e-245  8.639103693e-08
8   0.000000000e+00  0.000000000e+00 1.759987735e-217  6.073291969e-03
9   0.000000000e+00  0.000000000e+00  0.000000000e+00  2.487041868e-46
10  0.000000000e+00  0.000000000e+00 7.730804594e-245  8.639103693e-08
11  0.000000000e+00  0.000000000e+00  0.000000000e+00  1.057897653e-40
12  0.000000000e+00  0.000000000e+00  0.000000000e+00  2.487041868e-46
13  0.000000000e+00  0.000000000e+00  0.000000000e+00  3.912228000e-26
14  0.000000000e+00  0.000000000e+00 2.878321523e-275  1.058422378e-13
15  0.000000000e+00  0.000000000e+00 1.759987735e-217  6.073291969e-03
16  0.000000000e+00  0.000000000e+00 1.729753323e-250  7.984751350e-09
17  0.000000000e+00  0.000000000e+00  0.000000000e+00  3.912228000e-26
18  0.000000000e+00  0.000000000e+00 7.730804594e-245  8.639103693e-08
19  0.000000000e+00  0.000000000e+00 5.502956267e-212  5.282682972e-02
20  0.000000000e+00  0.000000000e+00 5.308105002e-118  9.999999892e-01
21  0.000000000e+00  0.000000000e+00 5.885190595e-108  1.000000000e+00
22  0.000000000e+00  0.000000000e+00 4.774381121e-147  9.999999997e-01
23  0.000000000e+00 2.724921243e-138  1.563281906e-10  9.999998793e-01
24  0.000000000e+00 9.444552354e-201  3.821913235e-45  9.999999998e-01
25  0.000000000e+00  0.000000000e+00 1.624490008e-133  1.000000000e+00
26  0.000000000e+00 2.949437786e-282  1.524688606e-88  1.000000000e+00
27  0.000000000e+00  0.000000000e+00 5.127561784e-197  9.512427470e-01
28  0.000000000e+00 4.020846686e-240  1.144195816e-66  1.000000000e+00
29  0.000000000e+00  0.000000000e+00 5.140659891e-185  9.995292273e-01
30  0.000000000e+00  0.000000000e+00 2.540948417e-196  9.551028423e-01
31  0.000000000e+00 6.431896861e-148  5.621782728e-16  9.999999258e-01
32  0.000000000e+00 4.763889308e-184  5.072281147e-36  9.999999980e-01
33  0.000000000e+00 2.869654877e-134  5.664730559e-09  9.999960822e-01
34  0.000000000e+00 2.956438561e-307 2.501687113e-104  1.000000000e+00
35  0.000000000e+00 4.020846686e-240  1.144195816e-66  1.000000000e+00
36  0.000000000e+00 5.959130032e-164  4.054221422e-24  9.999999995e-01
37  0.000000000e+00  0.000000000e+00 7.256499810e-117  1.000000000e+00
38  0.000000000e+00  0.000000000e+00 2.764262035e-195  9.620643707e-01
39  0.000000000e+00  7.264597343e-15  1.000000000e+00  1.647183576e-79
40  0.000000000e+00  1.634736756e-78  1.000000000e+00  1.895351470e-09
41  0.000000000e+00  2.464419864e-99  9.999999939e-01  1.197504442e-02
42  0.000000000e+00  3.195432177e-23  1.000000000e+00  6.076353057e-45
43  0.000000000e+00  1.075550427e-41  1.000000000e+00  2.896381187e-47
44  0.000000000e+00  6.853240550e-76  1.000000000e+00  1.342171515e-07
45  0.000000000e+00  2.349690837e-29  1.000000000e+00  3.212254209e-38
46  0.000000000e+00  3.532550689e-07  1.000000000e+00  1.384653821e-97
47  0.000000000e+00  3.195432177e-23  1.000000000e+00  6.076353057e-45
48  0.000000000e+00  1.496892849e-49  1.000000000e+00  2.907676518e-41
49  0.000000000e+00  4.285152350e-27  1.000000000e+00  2.004463502e-61
50  0.000000000e+00  1.671048312e-57  1.000000000e+00  1.722601089e-15
51 1.948577788e-304  4.617074629e-03  1.000000000e+00 4.335281717e-106
52  0.000000000e+00  3.865579404e-13  1.000000000e+00  7.440828873e-89
53  0.000000000e+00  5.010187951e-30  1.000000000e+00  2.838813473e-38
54  0.000000000e+00  4.708218321e-66  1.000000000e+00  1.686454616e-12
55  0.000000000e+00  8.468009829e-13  1.000000000e+00  3.169560876e-86
56  0.000000000e+00  1.496892849e-49  1.000000000e+00  2.907676518e-41
57 3.929053054e-304  7.093775146e-04  9.999999999e-01 7.989988459e-109
58  1.337318435e-64  9.999999574e-01 8.445973576e-111  0.000000000e+00
59 7.113790331e-129  9.999999974e-01  2.172131756e-70 2.401057889e-280
60 4.903078472e-103  9.999999935e-01  1.953158193e-86  0.000000000e+00
61 2.930391972e-196  1.000000000e+00  2.543284578e-20 1.432186933e-186
62 3.195285924e-222  1.000000000e+00  1.851841429e-09 1.810032729e-162
63 3.433685108e-119  9.999999994e-01  8.861604479e-75 8.100890895e-290
64  7.240011437e-22  9.981045505e-01 1.582577476e-145  0.000000000e+00
65 4.342963547e-116  9.999999998e-01  1.542716869e-75 6.273344356e-292
66 1.618440767e-178  1.000000000e+00  8.735544862e-27 1.132151541e-201
67  6.984550522e-13  9.819969167e-01 7.645656262e-153  0.000000000e+00
68  9.460889361e-25  9.995104244e-01 1.271321432e-142  0.000000000e+00
69 2.597751450e-117  9.999999987e-01  1.296315816e-76 4.652223851e-293
70 6.175681014e-105  9.999999973e-01  1.582601892e-84 1.882530984e-308
71 3.477065886e-128  1.000000000e+00  4.372337638e-52 1.881023213e-254
72 1.090509472e-126  1.000000000e+00  3.062462482e-55 1.890542194e-259
73 1.596463469e-220  1.000000000e+00  1.054425996e-10 8.295089143e-165
74 3.477065886e-128  1.000000000e+00  4.372337638e-52 1.881023213e-254
75 4.798603397e-169  1.000000000e+00  7.565606934e-31 1.314352627e-210
76 2.582849690e-140  1.000000000e+00  1.533871288e-46 1.605629259e-242
77  1.000000000e+00  3.515677049e-07 3.356478839e-202  0.000000000e+00
78  1.000000000e+00  1.228417760e-02 9.750948399e-175  0.000000000e+00
79  1.000000000e+00  3.515677049e-07 3.356478839e-202  0.000000000e+00
80  1.000000000e+00  3.753903774e-10 2.144993886e-217  0.000000000e+00
81  1.000000000e+00  3.536092362e-05 3.316949928e-189  0.000000000e+00
82  1.000000000e+00  3.753903774e-10 2.144993886e-217  0.000000000e+00
83  1.000000000e+00  3.515677049e-07 3.356478839e-202  0.000000000e+00
84  1.000000000e+00  3.536092362e-05 3.316949928e-189  0.000000000e+00
85  1.000000000e+00  3.515677049e-07 3.356478839e-202  0.000000000e+00
86  1.000000000e+00  3.536092362e-05 3.316949928e-189  0.000000000e+00
87  1.000000000e+00  3.536092362e-05 3.316949928e-189  0.000000000e+00
88  1.000000000e+00  3.536092362e-05 3.316949928e-189  0.000000000e+00
89  1.000000000e+00  3.753903774e-10 2.144993886e-217  0.000000000e+00
90  1.000000000e+00  3.515677049e-07 3.356478839e-202  0.000000000e+00
91  1.000000000e+00  1.228417760e-02 9.750948399e-175  0.000000000e+00
92  1.000000000e+00  3.536092362e-05 3.316949928e-189  0.000000000e+00
93  1.000000000e+00  3.536092362e-05 3.316949928e-189  0.000000000e+00
94  1.000000000e+00  3.515677049e-07 3.356478839e-202  0.000000000e+00
95  1.000000000e+00  3.536092362e-05 3.316949928e-189  0.000000000e+00
               [,5]
1   9.997668821e-01
2   1.000000000e+00
3   1.000000000e+00
4   1.000000000e+00
5   1.000000000e+00
6   1.000000000e+00
7   1.000000000e+00
8   9.999993273e-01
9   1.000000000e+00
10  1.000000000e+00
11  1.000000000e+00
12  1.000000000e+00
13  1.000000000e+00
14  1.000000000e+00
15  9.999993273e-01
16  1.000000000e+00
17  1.000000000e+00
18  1.000000000e+00
19  9.997668821e-01
20  8.211687786e-61
21  3.446958320e-53
22  9.404095899e-29
23 2.739722751e-166
24 1.975818451e-125
25  3.358611573e-36
26  6.462470462e-64
27  3.234793889e-04
28  2.576205997e-98
29  6.199303813e-10
30  8.965506892e-05
31 1.687564142e-160
32 5.668437868e-137
33 4.982239278e-172
34  1.573005318e-56
35  2.576205997e-98
36 1.452435667e-146
37  1.126820161e-48
38  1.508256004e-05
39  0.000000000e+00
40 1.112429390e-235
41 2.434637377e-208
42  0.000000000e+00
43  0.000000000e+00
44 8.366474493e-233
45  0.000000000e+00
46  0.000000000e+00
47  0.000000000e+00
48  0.000000000e+00
49  0.000000000e+00
50 2.437592267e-261
51  0.000000000e+00
52  0.000000000e+00
53  0.000000000e+00
54 1.178983127e-249
55  0.000000000e+00
56  0.000000000e+00
57  0.000000000e+00
58  0.000000000e+00
59  0.000000000e+00
60  0.000000000e+00
61  0.000000000e+00
62  0.000000000e+00
63  0.000000000e+00
64  0.000000000e+00
65  0.000000000e+00
66  0.000000000e+00
67  0.000000000e+00
68  0.000000000e+00
69  0.000000000e+00
70  0.000000000e+00
71  0.000000000e+00
72  0.000000000e+00
73  0.000000000e+00
74  0.000000000e+00
75  0.000000000e+00
76  0.000000000e+00
77  0.000000000e+00
78  0.000000000e+00
79  0.000000000e+00
80  0.000000000e+00
81  0.000000000e+00
82  0.000000000e+00
83  0.000000000e+00
84  0.000000000e+00
85  0.000000000e+00
86  0.000000000e+00
87  0.000000000e+00
88  0.000000000e+00
89  0.000000000e+00
90  0.000000000e+00
91  0.000000000e+00
92  0.000000000e+00
93  0.000000000e+00
94  0.000000000e+00
95  0.000000000e+00


$weights
$weights[[1]]
$weights[[1]][[1]]
              [,1]           [,2]        [,3]
[1,]  8.3066112820 -11.6345186443 6.064557606
[2,] -1.3087177693   1.4128917885 6.037118493
[3,] -0.9067364444   0.7418904181 6.140764028
[4,] -0.9860213389   0.9422355332 5.321196884
[5,] -0.9800207578   0.8660437659 3.985676173
[6,] -2.1955660046   2.0346720961 7.408844237
[7,] -3.2060771515   2.0827962310 2.637705424
[8,] -1.2136547528   1.1956498875 4.940404602

$weights[[1]][[2]]
              [,1]          [,2]          [,3]          [,4]          [,5]
[1,]  -168.6114087   153.2281931   224.4493808   117.9581552  -104.1998747
[2,]  1577.7514806  -674.8923088 -2310.3435594 -3819.8097253 -8545.4352565
[3,] -8252.8173211 -3499.2220060 -2277.1948983  -516.2512970   719.6827438
[4,]  -167.5775858   151.8222992   222.3270396   118.3510383  -104.6141722



$startweights
$startweights[[1]]
$startweights[[1]][[1]]
              [,1]           [,2]           [,3]
[1,]  1.2621155967 -0.07216001040  1.06455760562
[2,]  1.1888436708  1.22542518248  1.03711849293
[3,] -0.5160527902 -1.34868038899  1.14076402849
[4,]  1.0512488626 -1.40020907768  0.32119688378
[5,] -0.6527674636 -0.85584301309 -1.01432382723
[6,] -0.9364363170 -0.18524489121  2.40884423750
[7,] -0.7306515556 -0.04217430622 -2.36229457576
[8,]  1.7196582084  0.27447282530 -0.05959539754

$startweights[[1]][[2]]
              [,1]          [,2]           [,3]           [,4]          [,5]
[1,] -0.5591202674  0.7061457260  1.03864900799 -0.01699859542 -1.9331582340
[2,]  0.6800741566  1.2953658946  2.31179151528  0.30476024125  0.5273850625
[3,]  0.3243581698 -1.1728068445 -0.07621336315  0.89022872674  1.2032219432
[4,]  0.4747025534 -0.6997481132 -1.08369219701  0.37588443815 -2.3474556980



$generalized.weights
$generalized.weights[[1]]
           [,1]         [,2]         [,3]         [,4]         [,5]
1           NaN          NaN          NaN          NaN          NaN
2           NaN          NaN          NaN          NaN          NaN
3           NaN          NaN          NaN          NaN          NaN
4           NaN          NaN          NaN          NaN          NaN
5           NaN          NaN          NaN          NaN          NaN
6           NaN          NaN          NaN          NaN          NaN
7           NaN          NaN          NaN          NaN          NaN
8           NaN          NaN          NaN          NaN          NaN
9           NaN          NaN          NaN          NaN          NaN
10          NaN          NaN          NaN          NaN          NaN
11          NaN          NaN          NaN          NaN          NaN
12          NaN          NaN          NaN          NaN          NaN
13          NaN          NaN          NaN          NaN          NaN
14          NaN          NaN          NaN          NaN          NaN
15          NaN          NaN          NaN          NaN          NaN
16          NaN          NaN          NaN          NaN          NaN
17          NaN          NaN          NaN          NaN          NaN
18          NaN          NaN          NaN          NaN          NaN
19          NaN          NaN          NaN          NaN          NaN
20          NaN          NaN          NaN          NaN          NaN
21          NaN          NaN          NaN          NaN          NaN
22          NaN          NaN          NaN          NaN          NaN
23          NaN          NaN          NaN          NaN          NaN
24          NaN          NaN          NaN          NaN          NaN
25          NaN          NaN          NaN          NaN          NaN
26          NaN          NaN          NaN          NaN          NaN
27          NaN          NaN          NaN          NaN          NaN
28          NaN          NaN          NaN          NaN          NaN
29          NaN          NaN          NaN          NaN          NaN
30          NaN          NaN          NaN          NaN          NaN
31          NaN          NaN          NaN          NaN          NaN
32          NaN          NaN          NaN          NaN          NaN
33          NaN          NaN          NaN          NaN          NaN
34          NaN          NaN          NaN          NaN          NaN
35          NaN          NaN          NaN          NaN          NaN
36          NaN          NaN          NaN          NaN          NaN
37          NaN          NaN          NaN          NaN          NaN
38          NaN          NaN          NaN          NaN          NaN
39          NaN          NaN          NaN          NaN          NaN
40          NaN          NaN          NaN          NaN          NaN
41          NaN          NaN          NaN          NaN          NaN
42          NaN          NaN          NaN          NaN          NaN
43          NaN          NaN          NaN          NaN          NaN
44          NaN          NaN          NaN          NaN          NaN
45          NaN          NaN          NaN          NaN          NaN
46          NaN          NaN          NaN          NaN          NaN
47          NaN          NaN          NaN          NaN          NaN
48          NaN          NaN          NaN          NaN          NaN
49          NaN          NaN          NaN          NaN          NaN
50          NaN          NaN          NaN          NaN          NaN
51 -933.8054576 -525.9610846 -641.1220947 -601.2458858 -1395.212355
52          NaN          NaN          NaN          NaN          NaN
53          NaN          NaN          NaN          NaN          NaN
54          NaN          NaN          NaN          NaN          NaN
55          NaN          NaN          NaN          NaN          NaN
56          NaN          NaN          NaN          NaN          NaN
57 -938.6318406 -528.9244107 -644.5620731 -604.5517915 -1402.770329
58 -744.3221467 -459.7440001 -531.9258368 -512.0555415 -1169.468895
59 -787.5307458 -473.9752457 -556.3782458 -531.6904845 -1219.716118
60 -771.0270390 -468.8776174 -547.2129386 -524.4646586 -1201.002720
61 -798.5924153 -467.6758944 -557.5090856 -528.6636716 -1218.499369
62 -823.2613777 -477.0699040 -572.1242739 -540.9016804 -1248.983984
63 -777.2391597 -469.6861972 -550.0901056 -526.2852537 -1206.474357
64 -728.3590897 -456.9418814 -524.1588199 -506.7905135 -1154.382849
65 -772.1788109 -467.2806816 -546.8452339 -523.3872697 -1199.543381
66 -778.2274379 -459.1442312 -545.0431658 -517.9317635 -1192.233572
67 -724.1797492 -455.7878935 -521.9084617 -505.0715732 -1149.837831
68 -728.2832502 -456.4967748 -523.8991689 -506.4157491 -1153.699688
69 -777.8334670 -470.3644151 -550.6753291 -526.9461229 -1207.848739
70 -770.3868494 -468.1791841 -546.5991169 -523.7788056 -1199.567754
71 -736.3541244 -444.1320262 -520.7166642 -497.9148026 -1141.810374
72 -741.5923435 -447.4803473 -524.5183407 -501.6098295 -1150.200393
73 -823.2281890 -477.3975847 -572.2801723 -541.1608724 -1249.424917
74 -736.3541244 -444.1320262 -520.7166642 -497.9148026 -1141.810374
75 -768.8295081 -455.4506038 -539.4160808 -513.1765072 -1180.457427
76 -748.5055901 -448.9956280 -528.0377257 -504.1344084 -1157.161145
77          NaN          NaN          NaN          NaN          NaN
78 -715.8321426 -454.1798194 -517.7731906 -502.2026871 -1141.746680
79          NaN          NaN          NaN          NaN          NaN
80          NaN          NaN          NaN          NaN          NaN
81          NaN          NaN          NaN          NaN          NaN
82          NaN          NaN          NaN          NaN          NaN
83          NaN          NaN          NaN          NaN          NaN
84          NaN          NaN          NaN          NaN          NaN
85          NaN          NaN          NaN          NaN          NaN
86          NaN          NaN          NaN          NaN          NaN
87          NaN          NaN          NaN          NaN          NaN
88          NaN          NaN          NaN          NaN          NaN
89          NaN          NaN          NaN          NaN          NaN
90          NaN          NaN          NaN          NaN          NaN
91 -715.8321426 -454.1798194 -517.7731906 -502.2026871 -1141.746680
92          NaN          NaN          NaN          NaN          NaN
93          NaN          NaN          NaN          NaN          NaN
94          NaN          NaN          NaN          NaN          NaN
95          NaN          NaN          NaN          NaN          NaN
           [,6]         [,7]           [,8]          [,9]          [,10]
1           NaN          NaN            NaN           NaN            NaN
2           NaN          NaN            NaN           NaN            NaN
3           NaN          NaN            NaN           NaN            NaN
4           NaN          NaN            NaN           NaN            NaN
5           NaN          NaN            NaN           NaN            NaN
6           NaN          NaN            NaN           NaN            NaN
7           NaN          NaN            NaN           NaN            NaN
8           NaN          NaN            NaN           NaN            NaN
9           NaN          NaN            NaN           NaN            NaN
10          NaN          NaN            NaN           NaN            NaN
11          NaN          NaN            NaN           NaN            NaN
12          NaN          NaN            NaN           NaN            NaN
13          NaN          NaN            NaN           NaN            NaN
14          NaN          NaN            NaN           NaN            NaN
15          NaN          NaN            NaN           NaN            NaN
16          NaN          NaN            NaN           NaN            NaN
17          NaN          NaN            NaN           NaN            NaN
18          NaN          NaN            NaN           NaN            NaN
19          NaN          NaN            NaN           NaN            NaN
20          NaN          NaN            NaN           NaN            NaN
21          NaN          NaN            NaN           NaN            NaN
22          NaN          NaN            NaN           NaN            NaN
23          NaN          NaN -671.467505369 -347.63210338 -445.239501358
24          NaN          NaN -807.033436025 -419.84850298 -536.178977437
25          NaN          NaN            NaN           NaN            NaN
26          NaN          NaN -959.994825263 -501.84998741 -639.055028165
27          NaN          NaN            NaN           NaN            NaN
28          NaN          NaN -883.827290780 -460.88226189 -587.758048797
29          NaN          NaN            NaN           NaN            NaN
30          NaN          NaN            NaN           NaN            NaN
31          NaN          NaN -693.328274039 -359.25036389 -459.890054079
32          NaN          NaN -772.295026802 -401.30731525 -512.857444597
33          NaN          NaN -660.929172675 -341.91915256 -438.119096471
34          NaN          NaN -996.905353083 -521.31675489 -663.714215853
35          NaN          NaN -883.827290780 -460.88226189 -587.758048797
36          NaN          NaN -730.422593982 -379.11911617 -484.829397432
37          NaN          NaN            NaN           NaN            NaN
38          NaN          NaN            NaN           NaN            NaN
39          NaN          NaN -274.369105370 -130.86358644 -176.160946725
40          NaN          NaN -512.943480829 -262.33922276 -338.462668976
41          NaN          NaN -571.366293054 -293.83757783 -377.847631037
42          NaN          NaN -330.865877325 -163.23578441 -215.233974416
43          NaN          NaN -380.132360338 -189.13629032 -248.105192371
44          NaN          NaN -507.959502012 -259.84316950 -335.201334487
45          NaN          NaN -354.486662943 -176.23423397 -231.293507045
46          NaN          NaN -235.084349728 -108.84341247 -149.244317305
47          NaN          NaN -330.865877325 -163.23578441 -215.233974416
48          NaN          NaN -407.151219397 -203.88268112 -266.412099818
49          NaN          NaN -326.235749042 -159.58376665 -211.516437508
50          NaN          NaN -452.618997617 -229.91344225 -297.846199078
51 -1583.789993 -807.4564224 -215.018537624  -97.66135321 -135.529603969
52          NaN          NaN -260.630193302 -122.94845377 -166.637046054
53          NaN          NaN -356.309891341 -177.19514625 -232.511225996
54          NaN          NaN -477.926368435 -243.54979957 -314.902710013
55          NaN          NaN -262.098687876 -123.90685186 -167.712990924
56          NaN          NaN -407.151219397 -203.88268112 -266.412099818
57 -1593.400075 -811.7481858 -214.886468376  -97.40847362 -135.346850126
58 -1498.005550 -663.1990438   34.287055618   47.48052699   38.071788114
59 -1512.516314 -695.6746456  -26.972655106   11.69634576   -4.647543291
60 -1508.939948 -683.4339191   -1.857823844   26.41014247   12.888541428
61 -1458.406320 -699.1808498  -93.137702908  -28.22516035  -51.443752558
62 -1474.071244 -718.3356785 -121.669361766  -44.72927341  -71.256498999
63 -1503.829332 -687.5045826  -16.948134875   17.43700148    2.283680443
64 -1506.925455 -652.3885558   69.386342116   68.29750926   62.710249534
65 -1497.832981 -683.3439609  -13.525043468   19.34204625    4.622007859
66 -1440.957730 -682.9924220  -73.527133776  -17.00323038  -37.888750444
67 -1506.816080 -649.3549636   76.441510454   72.44717459   67.644841731
68 -1504.456587 -652.1284024   67.360731277   67.06052565   61.269968254
69 -1506.834924 -688.1845650  -15.341028121   18.43749653    3.436233349
70 -1505.889265 -682.7169837   -3.425793100   25.43185627   11.762944167
71 -1419.795698 -650.9301288            NaN           NaN            NaN
72 -1430.994280 -655.6520023            NaN           NaN            NaN
73 -1476.029412 -718.4744693 -119.903059824  -43.65419029  -70.002425787
74 -1419.795698 -650.9301288            NaN           NaN            NaN
75 -1434.321930 -675.6396209            NaN           NaN            NaN
76 -1428.886170 -660.4796939            NaN           NaN            NaN
77          NaN          NaN  114.892937979   95.07232018   94.543555296
78 -1510.650355 -643.6327759   94.071267675   82.89140510   80.014235080
79          NaN          NaN  114.892937979   95.07232018   94.543555296
80          NaN          NaN  123.924314710  100.37747012  100.856822010
81          NaN          NaN  104.624425924   89.11871072   87.405852223
82          NaN          NaN  123.924314710  100.37747012  100.856822010
83          NaN          NaN  114.892937979   95.07232018   94.543555296
84          NaN          NaN  104.624425924   89.11871072   87.405852223
85          NaN          NaN  114.892937979   95.07232018   94.543555296
86          NaN          NaN  104.624425924   89.11871072   87.405852223
87          NaN          NaN  104.624425924   89.11871072   87.405852223
88          NaN          NaN  104.624425924   89.11871072   87.405852223
89          NaN          NaN  123.924314710  100.37747012  100.856822010
90          NaN          NaN  114.892937979   95.07232018   94.543555296
91 -1510.650355 -643.6327759   94.071267675   82.89140510   80.014235080
92          NaN          NaN  104.624425924   89.11871072   87.405852223
93          NaN          NaN  104.624425924   89.11871072   87.405852223
94          NaN          NaN  114.892937979   95.07232018   94.543555296
95          NaN          NaN  104.624425924   89.11871072   87.405852223
           [,11]          [,12]          [,13]           [,14]         [,15]
1            NaN            NaN            NaN             NaN -747.88423311
2            NaN            NaN            NaN             NaN           NaN
3            NaN            NaN            NaN             NaN           NaN
4            NaN            NaN            NaN             NaN -781.21302748
5            NaN            NaN            NaN             NaN           NaN
6            NaN            NaN            NaN             NaN -782.82367549
7            NaN            NaN            NaN             NaN -769.32068508
8            NaN            NaN            NaN             NaN -752.02761348
9            NaN            NaN            NaN             NaN           NaN
10           NaN            NaN            NaN             NaN -769.32068508
11           NaN            NaN            NaN             NaN           NaN
12           NaN            NaN            NaN             NaN           NaN
13           NaN            NaN            NaN             NaN           NaN
14           NaN            NaN            NaN             NaN -781.21302748
15           NaN            NaN            NaN             NaN -752.02761348
16           NaN            NaN            NaN             NaN -772.15966235
17           NaN            NaN            NaN             NaN           NaN
18           NaN            NaN            NaN             NaN -769.32068508
19           NaN            NaN            NaN             NaN -747.88423311
20           NaN            NaN            NaN             NaN -622.67085132
21           NaN            NaN            NaN             NaN -620.66480882
22           NaN            NaN            NaN             NaN -681.12442104
23 -407.57501244  -959.95957476  -961.06753237 -565.8328861369 -355.22288235
24 -491.50764270 -1156.64713569 -1166.91550083 -681.0539080842 -460.51037728
25           NaN            NaN            NaN             NaN -662.54804764
26 -586.63024116 -1379.30735403 -1402.19266698 -811.3104893223 -587.87678329
27           NaN            NaN            NaN             NaN -735.32820888
28 -539.15444702 -1268.24210861 -1284.25140970 -746.3836605667 -522.22541610
29           NaN            NaN            NaN             NaN -724.10510053
30           NaN            NaN            NaN             NaN -734.49714750
31 -421.08771880  -991.63825707  -994.10441427 -584.3998486941 -371.75419442
32 -469.97102843 -1106.19559240 -1113.95855827 -651.5114549720 -432.93696751
33 -400.97012911  -944.52949142  -944.48913822 -556.8281394354 -345.39966277
34 -609.32414877 -1432.58248187 -1457.10137562 -842.5871340460 -613.31094593
35 -539.15444702 -1268.24210861 -1284.25140970 -746.3836605667 -522.22541610
36 -444.14171877 -1045.61066485 -1051.06067043 -615.9797397788 -402.35657696
37           NaN            NaN            NaN             NaN -634.35287932
38           NaN            NaN            NaN             NaN -733.30326481
39 -157.48171658  -376.41361449  -327.66568194 -225.7982097200           NaN
40 -308.74262211  -728.76400553  -715.43532584 -430.6897932646           NaN
41 -345.21863861  -814.06044315  -806.33525753 -480.5268438719 -269.70661141
42 -194.30413621  -461.60612123  -426.69028372 -274.9169390235           NaN
43 -224.52782194  -532.59800269  -499.49810529 -316.6235135142           NaN
44 -305.78563327  -721.75800347  -708.79178169 -426.5306290701           NaN
45 -209.26503956  -496.46517005  -464.97385919 -295.1938154869           NaN
46 -132.27406129  -317.86887861  -261.65728886 -191.8805226513   88.24421196
47 -194.30413621  -461.60612123  -426.69028372 -274.9169390235           NaN
48 -241.54216641  -572.29907182  -542.57955173 -339.7584133012           NaN
49 -190.47721971  -453.20953699  -412.76485760 -270.4084086777           NaN
50 -271.15856439  -640.82972845  -622.14567197 -379.2778549872           NaN
51 -119.45148334  -288.05806110  -228.32182078 -174.5877058610  111.97510311
52 -148.49251787  -355.63578309  -303.33564584 -213.8327754370   60.19523745
53 -210.38548585  -499.09579923  -467.68225020 -296.7384311506           NaN
54 -286.95264233  -677.76681293  -661.47494755 -400.8622196820           NaN
55 -149.54436499  -358.01579004  -306.58978217 -215.1660530086           NaN
56 -241.54216641  -572.29907182  -542.57955173 -339.7584133012           NaN
57 -119.22187069  -287.60796121  -227.05974016 -174.3871965818  115.09426684
58   44.89262045    91.11987404   221.97663523   43.2686832403  509.47490919
59    4.41279016    -2.22178871   110.63240932  -10.3211767127  409.82210576
60   21.04345945    36.10702232   156.53205652   11.6701340378  451.39179949
61  -40.33869313  -104.83898228   -17.02497037  -68.8172533591  281.16862200
62  -59.06064619  -148.08288519   -67.93930989  -93.6981866650  237.43838260
63   10.94370188    12.88967380   128.18359239   -1.6073840350  424.22772631
64   68.34033070   145.04564312   287.59917269   74.1253555283  571.76334116
65   13.12909037    17.97160185   133.85563254    1.3414256119  428.23409885
66  -27.56924249   -75.28876494    17.26151978  -51.7748148864  309.21282302
67   73.02537642   155.83594459   300.58804177   80.3109663876  583.71064205
68   66.95829292   141.88309978   283.60489415   72.3273670638  567.57997835
69   12.05565666    15.42583603   131.46359460   -0.1716452538  427.86211553
70   19.95683752    33.62956945   153.31939262   10.2683169497  447.81028604
71           NaN            NaN            NaN             NaN  393.12235268
72           NaN            NaN            NaN             NaN  397.87839004
73  -57.85840393  -145.33021964   -64.47699321  -92.1320835338  241.02757674
74           NaN            NaN            NaN             NaN  393.12235268
75           NaN            NaN            NaN             NaN  324.68074891
76           NaN            NaN            NaN             NaN  374.03285575
77   98.56668853   214.65702739   371.43125117  114.0275747989  648.97383357
78   84.79321293   182.90523878   333.48061038   95.8040388249  614.80242169
79   98.56668853   214.65702739   371.43125117  114.0275747989  648.97383357
80  104.55848838   228.46004935   388.01845359  121.9425024274  664.15413735
81   91.81750258   199.07405550   353.02699235  105.0662829350  633.00733643
82  104.55848838   228.46004935   388.01845359  121.9425024274  664.15413735
83   98.56668853   214.65702739   371.43125117  114.0275747989  648.97383357
84   91.81750258   199.07405550   353.02699235  105.0662829350  633.00733643
85   98.56668853   214.65702739   371.43125117  114.0275747989  648.97383357
86   91.81750258   199.07405550   353.02699235  105.0662829350  633.00733643
87   91.81750258   199.07405550   353.02699235  105.0662829350  633.00733643
88   91.81750258   199.07405550   353.02699235  105.0662829350  633.00733643
89  104.55848838   228.46004935   388.01845359  121.9425024274  664.15413735
90   98.56668853   214.65702739   371.43125117  114.0275747989  648.97383357
91   84.79321293   182.90523878   333.48061038   95.8040388249  614.80242169
92   91.81750258   199.07405550   353.02699235  105.0662829350  633.00733643
93   91.81750258   199.07405550   353.02699235  105.0662829350  633.00733643
94   98.56668853   214.65702739   371.43125117  114.0275747989  648.97383357
95   91.81750258   199.07405550   353.02699235  105.0662829350  633.00733643
           [,16]         [,17]         [,18]         [,19]         [,20]
1  -388.48754740 -496.57724012 -455.00661814 -1071.0393676 -1077.9621312
2            NaN           NaN           NaN           NaN           NaN
3            NaN           NaN           NaN           NaN           NaN
4  -406.90412119 -519.27627076 -476.17779394 -1120.3326823 -1132.4210850
5            NaN           NaN           NaN           NaN           NaN
6  -407.82798275 -520.39069296 -477.22834051 -1122.7627858 -1135.2498047
7  -400.31483184 -511.16759004 -468.60901336 -1102.7185367 -1112.8849502
8  -390.76263781 -499.39170320 -457.62689740 -1077.1469991 -1084.6484701
9            NaN           NaN           NaN           NaN           NaN
10 -400.31483184 -511.16759004 -468.60901336 -1102.7185367 -1112.8849502
11           NaN           NaN           NaN           NaN           NaN
12           NaN           NaN           NaN           NaN           NaN
13           NaN           NaN           NaN           NaN           NaN
14 -406.90412119 -519.27627076 -476.17779394 -1120.3326823 -1132.4210850
15 -390.76263781 -499.39170320 -457.62689740 -1077.1469991 -1084.6484701
16 -401.89171727 -513.10531596 -470.41899076 -1106.9289208 -1117.5711827
17           NaN           NaN           NaN           NaN           NaN
18 -400.31483184 -511.16759004 -468.60901336 -1102.7185367 -1112.8849502
19 -388.48754740 -496.57724012 -455.00661814 -1071.0393676 -1077.9621312
20 -318.56465081 -410.92059989 -374.87427739  -884.8100177  -869.0990601
21 -318.82876736 -410.26244334 -374.71179395  -883.7868985  -873.8040348
22 -352.05807387 -451.34694182 -412.97205889  -972.9532090  -971.5534098
23 -169.58975696 -228.15735553 -204.02119644  -487.5682941  -425.1676200
24 -228.40953335 -300.19541625 -271.42115518  -644.1960706  -600.9332827
25 -341.91386267 -438.75745339 -401.26961206  -945.6494992  -941.9010616
26 -301.05107908 -388.10714409 -354.15958229  -835.7749766  -822.2064957
27 -381.59865717 -488.05118105 -447.07062847 -1052.5387048 -1057.7319721
28 -263.24696446 -342.60665890 -311.21956164  -736.5141080  -706.0520824
29 -375.46765746 -480.44394050 -439.99863579 -1036.0396718 -1039.8040001
30 -381.12052366 -487.47541923 -446.52740167 -1051.2827821 -1056.2640366
31 -178.74755600 -239.42812294 -214.54091721  -512.0507628  -452.3136998
32 -212.90235250 -281.27643256 -253.68651854  -603.0313740  -554.3032147
33 -163.81753132 -221.28956223 -197.50248558  -472.5523236  -407.1148397
34 -314.69906672 -405.21986523 -369.98687209  -872.8168382  -861.4031204
35 -263.24696446 -342.60665890 -311.21956164  -736.5141080  -706.0520824
36 -196.15504223 -260.52691538 -234.38315054  -558.0161836  -505.2108274
37 -326.22413273 -419.49807701 -383.27044416  -903.7932475  -895.1914988
38 -380.43843213 -486.65076141 -445.75088981 -1049.4853281 -1054.1830562
39           NaN           NaN           NaN           NaN           NaN
40           NaN           NaN           NaN           NaN           NaN
41 -120.46634230 -168.95091945 -148.18513229  -358.4421802  -274.5621958
42           NaN           NaN           NaN           NaN           NaN
43           NaN           NaN           NaN           NaN           NaN
44           NaN           NaN           NaN           NaN           NaN
45           NaN           NaN           NaN           NaN           NaN
46   96.30271454   84.62519904   94.56290058   197.8394019   420.6836091
47           NaN           NaN           NaN           NaN           NaN
48           NaN           NaN           NaN           NaN           NaN
49           NaN           NaN           NaN           NaN           NaN
50           NaN           NaN           NaN           NaN           NaN
51  110.97414208  101.59137671  110.89956683   235.1443377   468.5230324
52   79.20818989   64.69902219   75.45328901   154.0955583   365.5730387
53           NaN           NaN           NaN           NaN           NaN
54           NaN           NaN           NaN           NaN           NaN
55           NaN           NaN           NaN           NaN           NaN
56           NaN           NaN           NaN           NaN           NaN
57  113.24025315  103.99561063  113.32038758   240.5259160   476.7750878
58  368.42585781  391.81621358  394.02134058   876.5837150  1337.8979449
59  303.71569443  318.97084454  322.90750275   715.5386160  1118.9736735
60  330.76845682  349.38849685  352.62027444   782.8016863  1210.6413373
61  218.43188006  224.02763264  229.68740171   505.1598444   826.2081688
62  190.25769974  192.17588101  198.66088044   434.8039119   731.4314930
63  312.91250507  329.41994820  333.05995528   738.5958492  1149.7045605
64  409.30342147  437.57045913  438.81981195   977.8548878  1477.2394360
65  315.38462970  332.28179965  335.81412280   744.8870904  1157.7532488
66  236.32296381  244.36284169  249.44132588   550.0284172   885.9589437
67  417.10046001  446.32394777  447.37717493   997.2176744  1503.7128352
68  406.51332553  434.47448580  435.77487882   970.9900804  1467.6210648
69  315.35704455  332.12026124  335.72197957   744.5889499  1158.1804341
70  328.35735843  346.72637431  349.99525891   776.8927699  1202.2764248
71  290.59626819  305.58968081  309.14728021   685.3285419  1069.0534696
72  293.96897799  309.21299144  312.77158460   693.4172738  1081.1555875
73  192.64768752  194.83015478  201.27023771   440.6882817   739.6614964
74  290.59626819  305.58968081  309.14728021   685.3285419  1069.0534696
75  246.26233700  255.61569293  260.39458211   574.8771012   919.3303518
76  278.35129275  291.71326644  295.64694326   654.6924418  1027.9939766
77  459.70434467  494.14677958  494.13214400  1103.0054240  1648.3951596
78  437.49004782  469.15492756  469.72672451  1047.7470739  1573.1803089
79  459.70434467  494.14677958  494.13214400  1103.0054240  1648.3951596
80  469.60226603  505.26434661  504.99785471  1127.5950853  1681.9798424
81  449.39751847  482.50693191  482.78770041  1077.2891281  1613.6742872
82  469.60226603  505.26434661  504.99785471  1127.5950853  1681.9798424
83  459.70434467  494.14677958  494.13214400  1103.0054240  1648.3951596
84  449.39751847  482.50693191  482.78770041  1077.2891281  1613.6742872
85  459.70434467  494.14677958  494.13214400  1103.0054240  1648.3951596
86  449.39751847  482.50693191  482.78770041  1077.2891281  1613.6742872
87  449.39751847  482.50693191  482.78770041  1077.2891281  1613.6742872
88  449.39751847  482.50693191  482.78770041  1077.2891281  1613.6742872
89  469.60226603  505.26434661  504.99785471  1127.5950853  1681.9798424
90  459.70434467  494.14677958  494.13214400  1103.0054240  1648.3951596
91  437.49004782  469.15492756  469.72672451  1047.7470739  1573.1803089
92  449.39751847  482.50693191  482.78770041  1077.2891281  1613.6742872
93  449.39751847  482.50693191  482.78770041  1077.2891281  1613.6742872
94  459.70434467  494.14677958  494.13214400  1103.0054240  1648.3951596
95  449.39751847  482.50693191  482.78770041  1077.2891281  1613.6742872
           [,21]         [,22]         [,23]          [,24]          [,25]
1  -630.85302796 -133.69193428 -63.228682725  -85.560849011 -76.3009921413
2            NaN -160.00316063 -81.774567647 -105.547581533 -96.2601239652
3            NaN -154.86143556 -76.712621362 -100.900106084 -91.1951767907
4  -659.50025557 -149.03825438 -72.801419732  -96.576406173 -86.9344569063
5            NaN -155.68832083 -79.815574336 -102.828284964 -93.8637086817
6  -660.90103594 -150.06785048 -73.471226437  -97.329667960 -87.6701911952
7  -649.26972485 -143.41009965 -69.276107824  -92.529007801 -83.0229004885
8  -634.40742735 -135.47706855 -64.330470466  -86.836156123 -77.5283987191
9            NaN -155.68832083 -79.815574336 -102.828284964 -93.8637086817
10 -649.26972485 -143.41009965 -69.276107824  -92.529007801 -83.0229004885
11           NaN -159.38037823 -81.501011459 -105.159835364 -95.9216853533
12           NaN -155.68832083 -79.815574336 -102.828284964 -93.8637086817
13           NaN -163.72762617 -83.101957796 -107.707259376 -98.0341657451
14 -659.50025557 -149.03825438 -72.801419732  -96.576406173 -86.9344569063
15 -634.40742735 -135.47706855 -64.330470466  -86.836156123 -77.5283987191
16 -651.71386037 -144.78657860 -70.141358827  -93.520461863 -83.9820330689
17           NaN -163.72762617 -83.101957796 -107.707259376 -98.0341657451
18 -649.26972485 -143.41009965 -69.276107824  -92.529007801 -83.0229004885
19 -630.85302796 -133.69193428 -63.228682725  -85.560849011 -76.3009921413
20 -522.87323584  -69.79986686 -22.777013604  -39.391259658 -31.5465847433
21 -521.81269370  -80.54911752 -30.599528415  -47.683454505 -39.8997797054
22 -573.69321810 -106.86553964 -46.869482585  -66.498155667 -58.0163956214
23 -292.41697711   63.47158340  61.324249038   56.770654025  61.5821772040
24 -383.22500639    9.54213367  27.162466560   17.791107409  23.7919399511
25 -557.78450283  -99.33745751 -42.271767735  -61.145150092 -52.8796942179
26 -493.79471643           NaN           NaN            NaN            NaN
27 -620.08450155 -128.32908806 -59.923512243  -81.732079465 -72.6175318380
28 -436.62677459  -25.12872805   4.936815564   -7.404387532  -0.7163937252
29 -610.47198909 -123.76161921 -57.131868778  -78.483199131 -69.4992710753
30 -619.36103133 -127.78559256 -59.569095408  -81.334017721 -72.2284740587
31 -306.63734618   55.66366854  56.435058588   51.156468633  56.1568740741
32 -359.39374594   24.54195468  36.739564308   28.671698086  34.3639193665
33 -283.80715688   70.92174346  66.251692114   62.262899465  66.9713351820
34 -515.45980857  -76.60038547 -28.082530718  -44.821280338 -37.1200809876
35 -436.62677459  -25.12872805   4.936815564   -7.404387532  -0.7163937252
36 -333.18167307   37.34227014  44.601583147   37.796507990  43.1339767342
37 -533.49667971  -85.42068009 -33.501325034  -51.109583008 -43.1643244166
38 -618.32402456 -127.04550027 -59.089218212  -80.793380786 -71.7009044396
39           NaN  393.39127995 281.297115714  300.899005623 301.6654819136
40           NaN  154.35358526 120.670861172  123.375818347 126.7058051115
41 -218.00886153  118.74626272  97.325338026   97.231767689 101.1146627402
42           NaN  296.12268933 214.904195501  228.129714442 229.6359973840
43           NaN  287.82443424 210.369511436  222.504230798 224.4058343363
44           NaN  151.11402231 118.285152822  120.862208612 124.1655193900
45           NaN  273.07042762 199.429340892  211.017813268 212.7758986974
46   98.83747492  444.93617159 316.242774011  339.338630102 339.6432126157
47           NaN  296.12268933 214.904195501  228.129714442 229.6359973840
48           NaN  265.46498733 195.464131826  205.960465339 208.1370077686
49           NaN  336.92022539 243.236012502  258.901415346 260.2399073284
50           NaN  187.90464502 142.534158455  147.940935738 150.7105133185
51  119.98853765  469.11606013 332.594299659  357.349329431 357.4249991222
52   73.95696110  418.45298716 298.424342697  319.659073916 320.2410476109
53           NaN  272.68447404 199.206534703  210.750033473 212.5230061492
54           NaN  172.74261382 132.604283597  136.814120860 139.8223491438
55           NaN  412.08144322 294.018570809  314.863083567 315.4768331792
56           NaN  265.46498733 195.464131826  205.960465339 208.1370077686
57  122.93191255  475.16624278 336.809937019  361.919973381 361.9749050420
58  479.93329595           NaN           NaN            NaN            NaN
59  389.61461929  845.73586086 590.445166451  639.511448727 636.9521325924
60  427.31926456           NaN           NaN            NaN            NaN
61  272.16936967  665.79247491 466.646053973  504.388112775 502.9107596260
62  232.64269054  611.55427740 429.549005111  463.772078174 462.6850396270
63  402.59472431  862.88584129 602.149673831  652.340988639 649.6507602096
64  536.59540588           NaN           NaN            NaN            NaN
65  406.16324440  866.92734755 604.880962556  655.350448782 652.6214416995
66  297.43223120  699.07003115 489.353254474  529.280266886 527.5477040530
67  547.44249633           NaN           NaN            NaN            NaN
68  532.76829304           NaN           NaN            NaN            NaN
69  405.92956574  868.26950538 605.863041828  656.388579872 653.6687644491
70  424.03191385  894.27187841 623.692569838  675.883455848 672.9896976601
71  373.37883594  804.95125721 561.836632245  608.602118493 606.1265099529
72  377.82688798  813.47391446 567.759073263  615.032371906 612.5228552716
73  235.92438280  616.66559144 433.068408879  467.611756168 466.4948298508
74  373.37883594  804.95125721 561.836632245  608.602118493 606.1265099529
75  311.40064541  718.03208965 502.314733358  543.475838794 541.6044919716
76  356.15035593  781.73275841 545.972259292  591.223444664 588.9197107072
77  606.70143019           NaN           NaN            NaN            NaN
78  575.71870353           NaN           NaN            NaN            NaN
79  606.70143019           NaN           NaN            NaN            NaN
80  620.47943087           NaN           NaN            NaN            NaN
81  592.26001176           NaN           NaN            NaN            NaN
82  620.47943087           NaN           NaN            NaN            NaN
83  606.70143019           NaN           NaN            NaN            NaN
84  592.26001176           NaN           NaN            NaN            NaN
85  606.70143019           NaN           NaN            NaN            NaN
86  592.26001176           NaN           NaN            NaN            NaN
87  592.26001176           NaN           NaN            NaN            NaN
88  592.26001176           NaN           NaN            NaN            NaN
89  620.47943087           NaN           NaN            NaN            NaN
90  606.70143019           NaN           NaN            NaN            NaN
91  575.71870353           NaN           NaN            NaN            NaN
92  592.26001176           NaN           NaN            NaN            NaN
93  592.26001176           NaN           NaN            NaN            NaN
94  606.70143019           NaN           NaN            NaN            NaN
95  592.26001176           NaN           NaN            NaN            NaN
           [,26]         [,27]         [,28]       [,29]       [,30]
1  -182.65434743 -156.53712765 -109.76498239 337.2683334 192.6904618
2  -227.24325618 -222.83367729 -134.31796536         NaN         NaN
3  -216.49367776 -201.51648762 -128.82462744         NaN         NaN
4  -206.89912167 -187.96833546 -123.48407835         NaN         NaN
5  -221.46385177 -218.25656181 -130.81485241         NaN         NaN
6  -208.56475757 -190.23739023 -124.41783160         NaN         NaN
7  -197.98687673 -176.35637767 -118.44564739         NaN         NaN
8  -185.45794711 -160.12500510 -111.35515361 336.1975603 191.7603435
9  -221.46385177 -218.25656181 -130.81485241         NaN         NaN
10 -197.98687673 -176.35637767 -118.44564739         NaN         NaN
11 -226.42210758 -222.22651667 -133.81678984         NaN         NaN
12 -221.46385177 -218.25656181 -130.81485241         NaN         NaN
13 -231.71703211 -224.67009201 -137.16596616         NaN         NaN
14 -206.89912167 -187.96833546 -123.48407835         NaN         NaN
15 -185.45794711 -160.12500510 -111.35515361 336.1975603 191.7603435
16 -200.17088646 -179.21414067 -119.67937943         NaN         NaN
17 -231.71703211 -224.67009201 -137.16596616         NaN         NaN
18 -197.98687673 -176.35637767 -118.44564739         NaN         NaN
19 -182.65434743 -156.53712765 -109.76498239 337.2683334 192.6904618
20  -80.86942351  -22.20581078  -52.35891891 397.6143840 239.8198782
21  -99.43388159  -50.71991720  -62.50867758 365.4504599 218.0580418
22 -140.80333083 -103.77179988  -85.96421452 349.0717006 203.9733114
23  131.05094628  256.38722755   67.24990668 517.5100462 334.3688094
24   45.11216947  142.89912185   18.78654862 466.1906408 294.3475081
25 -129.04914967  -88.92419897  -79.28182497 352.5346399 207.2342054
26           NaN           NaN           NaN 368.5175056 221.7440294
27 -174.23863722 -145.78637444 -104.99015290 340.3815042 195.4195804
28  -10.51011217   68.40721023  -12.49751149 427.4988564 265.0366809
29 -167.10411964 -136.76576932 -100.93477112 342.5279883 197.4265968
30 -173.35819815 -144.58369259 -104.49684196 341.1181359 195.9608157
31  118.68909422  240.28649726   60.26081886 511.3085771 329.3465963
32   69.12179272  174.90305025   32.30250860 482.0968694 306.5047862
33  143.21780434  273.27556883   74.04557972 529.1044114 342.7285868
34  -93.11923798  -42.31920031  -58.95260182 369.5470691 221.2014466
35  -10.51011217   68.40721023  -12.49751149 427.4988564 265.0366809
36   89.17070143  200.40687096   43.68629323 488.9446078 312.6524453
37 -106.93618586  -59.90078385  -66.79745009 364.7998382 216.9472709
38 -172.16316344 -142.96191366 -103.82641303 342.0618824 196.6605359
39  672.34676992 1014.54622487  369.04153737         NaN         NaN
40  278.39180079  457.97301709  149.77976443 642.4602960 425.9867739
41  220.53138533  378.44741572  117.39949002 591.4773480 388.8167671
42  510.57915540  782.06899778  279.32142566         NaN         NaN
43  498.37783286  768.80460428  272.21331179         NaN         NaN
44  272.75699924  449.21559528  146.70724136 632.1566290 419.0447851
45  472.60908530  728.48494734  258.18384476         NaN         NaN
46  757.73486397 1136.36007955  416.47147307         NaN         NaN
47  510.57915540  782.06899778  279.32142566         NaN         NaN
48  461.69675477  717.43810316  251.76148047         NaN         NaN
49  579.11578425  882.39520961  317.18717790         NaN         NaN
50  332.72102290  532.12646950  180.22530745 687.5972327 459.1866493
51  797.73179814 1193.26141795  438.70090357         NaN         NaN
52  714.05638091 1074.56592643  392.16839214         NaN         NaN
53  472.02475108  727.79882603  257.84749208         NaN         NaN
54  308.09883676  498.32708519  166.44267923 666.1247232 443.5079284
55  703.37951641 1059.00767064  386.26387802         NaN         NaN
56  461.69675477  717.43810316  251.76148047         NaN         NaN
57  807.91558331 1208.22153031  444.32312382         NaN         NaN
58           NaN           NaN           NaN         NaN         NaN
59 1425.19412319 2097.94154891  786.47064827         NaN         NaN
60           NaN           NaN           NaN         NaN         NaN
61 1124.54967526 1662.19891667  620.02040770         NaN         NaN
62 1034.23906282 1532.12748220  569.95482190         NaN         NaN
63 1453.71401842 2138.92158766  802.28893606         NaN         NaN
64           NaN           NaN           NaN         NaN         NaN
65 1460.39674656 2148.42203387  806.00358570         NaN         NaN
66 1179.88351070 1741.69242818  650.71201260         NaN         NaN
67           NaN           NaN           NaN         NaN         NaN
68           NaN           NaN           NaN         NaN         NaN
69 1462.72229996 2152.01346845  807.27348021         NaN         NaN
70 1506.08162661 2214.63168848  831.29712403         NaN         NaN
71 1356.27462601 1995.98556373  748.47875010         NaN         NaN
72 1370.59752162 2016.96645125  756.39083419         NaN         NaN
73 1042.78297647 1544.52152432  574.68425156         NaN         NaN
74 1356.27462601 1995.98556373  748.47875010         NaN         NaN
75 1211.44553595 1787.12030634  668.21147038         NaN         NaN
76 1317.63715701 1940.39873731  727.05434950         NaN         NaN
77           NaN           NaN           NaN         NaN         NaN
78           NaN           NaN           NaN         NaN         NaN
79           NaN           NaN           NaN         NaN         NaN
80           NaN           NaN           NaN         NaN         NaN
81           NaN           NaN           NaN         NaN         NaN
82           NaN           NaN           NaN         NaN         NaN
83           NaN           NaN           NaN         NaN         NaN
84           NaN           NaN           NaN         NaN         NaN
85           NaN           NaN           NaN         NaN         NaN
86           NaN           NaN           NaN         NaN         NaN
87           NaN           NaN           NaN         NaN         NaN
88           NaN           NaN           NaN         NaN         NaN
89           NaN           NaN           NaN         NaN         NaN
90           NaN           NaN           NaN         NaN         NaN
91           NaN           NaN           NaN         NaN         NaN
92           NaN           NaN           NaN         NaN         NaN
93           NaN           NaN           NaN         NaN         NaN
94           NaN           NaN           NaN         NaN         NaN
95           NaN           NaN           NaN         NaN         NaN
         [,31]       [,32]        [,33]        [,34]       [,35]
1  232.9642349 219.3636208  507.7777305  587.8802470 292.9521329
2          NaN         NaN          NaN          NaN         NaN
3          NaN         NaN          NaN          NaN         NaN
4          NaN         NaN          NaN          NaN         NaN
5          NaN         NaN          NaN          NaN         NaN
6          NaN         NaN          NaN          NaN         NaN
7          NaN         NaN          NaN          NaN         NaN
8  232.0603792 218.4093090  505.7147735  584.1623070 291.8681156
9          NaN         NaN          NaN          NaN         NaN
10         NaN         NaN          NaN          NaN         NaN
11         NaN         NaN          NaN          NaN         NaN
12         NaN         NaN          NaN          NaN         NaN
13         NaN         NaN          NaN          NaN         NaN
14         NaN         NaN          NaN          NaN         NaN
15 232.0603792 218.4093090  505.7147735  584.1623070 291.8681156
16         NaN         NaN          NaN          NaN         NaN
17         NaN         NaN          NaN          NaN         NaN
18         NaN         NaN          NaN          NaN         NaN
19 232.9642349 219.3636208  507.7777305  587.8802470 292.9521329
20 281.1744395 268.8615861  616.5497045  766.6498908 351.4867725
21 257.2109783 245.1993445  563.3302665  690.8952826 321.9119440
22 243.4589570 230.7174628  531.9767317  634.8539507 305.3995258
23 377.4291069 367.9430500  833.9497814 1127.1344676 468.2245673
24 336.4603945 325.8963881  741.5308181  975.4452658 418.4738744
25 246.5125091 234.0085585  539.0065097  648.3484521 309.0275582
26 260.3270477 248.7604776  570.6863161  707.4874491 325.5110271
27 235.6049482 222.1583504  513.8108269  598.8345490 296.1158447
28 306.0175421 294.8946114  673.0743502  866.0988598 381.3820398
29 237.4903345 224.1867912  518.1480432  607.1162769 298.3577795
30 236.1758676 222.7349704  515.0903441  600.8186440 296.8138934
31 372.3824626 362.7114348  822.5183908 1107.7224214 462.1227156
32 349.0309717 338.7283782  769.8256714 1021.0232837 433.7743773
33 386.3331317 376.8900029  853.8636859 1157.4381954 479.1347122
34 260.4548588 248.5141772  570.6349939  702.7054864 325.8585115
35 306.0175421 294.8946114  673.0743502  866.0988598 381.3820398
36 354.9141292 344.9928651  783.3009795 1045.9598478 440.8032471
37 256.3803120 244.1775429  561.3041000  685.4629884 320.9894441
38 236.9105639 223.4788256  516.7385506  603.3972862 297.7112594
39         NaN         NaN          NaN          NaN         NaN
40 474.1734228 465.5988968 1050.7195180 1462.5883454 586.5391214
41 434.8088529 425.9249004  962.5727717 1326.9503320 538.3664651
42         NaN         NaN          NaN          NaN         NaN
43         NaN         NaN          NaN          NaN         NaN
44 466.5119209 458.0425328 1033.7123601 1438.4913595 577.0790762
45         NaN         NaN          NaN          NaN         NaN
46         NaN         NaN          NaN          NaN         NaN
47         NaN         NaN          NaN          NaN         NaN
48         NaN         NaN          NaN          NaN         NaN
49         NaN         NaN          NaN          NaN         NaN
50 509.1748517 500.9601567 1129.1723538 1584.3715442 629.3292099
51         NaN         NaN          NaN          NaN         NaN
52         NaN         NaN          NaN          NaN         NaN
53         NaN         NaN          NaN          NaN         NaN
54 492.5833746 484.2313542 1092.0138280 1527.1063293 609.0287971
55         NaN         NaN          NaN          NaN         NaN
56         NaN         NaN          NaN          NaN         NaN
57         NaN         NaN          NaN          NaN         NaN
58         NaN         NaN          NaN          NaN         NaN
59         NaN         NaN          NaN          NaN         NaN
60         NaN         NaN          NaN          NaN         NaN
61         NaN         NaN          NaN          NaN         NaN
62         NaN         NaN          NaN          NaN         NaN
63         NaN         NaN          NaN          NaN         NaN
64         NaN         NaN          NaN          NaN         NaN
65         NaN         NaN          NaN          NaN         NaN
66         NaN         NaN          NaN          NaN         NaN
67         NaN         NaN          NaN          NaN         NaN
68         NaN         NaN          NaN          NaN         NaN
69         NaN         NaN          NaN          NaN         NaN
70         NaN         NaN          NaN          NaN         NaN
71         NaN         NaN          NaN          NaN         NaN
72         NaN         NaN          NaN          NaN         NaN
73         NaN         NaN          NaN          NaN         NaN
74         NaN         NaN          NaN          NaN         NaN
75         NaN         NaN          NaN          NaN         NaN
76         NaN         NaN          NaN          NaN         NaN
77         NaN         NaN          NaN          NaN         NaN
78         NaN         NaN          NaN          NaN         NaN
79         NaN         NaN          NaN          NaN         NaN
80         NaN         NaN          NaN          NaN         NaN
81         NaN         NaN          NaN          NaN         NaN
82         NaN         NaN          NaN          NaN         NaN
83         NaN         NaN          NaN          NaN         NaN
84         NaN         NaN          NaN          NaN         NaN
85         NaN         NaN          NaN          NaN         NaN
86         NaN         NaN          NaN          NaN         NaN
87         NaN         NaN          NaN          NaN         NaN
88         NaN         NaN          NaN          NaN         NaN
89         NaN         NaN          NaN          NaN         NaN
90         NaN         NaN          NaN          NaN         NaN
91         NaN         NaN          NaN          NaN         NaN
92         NaN         NaN          NaN          NaN         NaN
93         NaN         NaN          NaN          NaN         NaN
94         NaN         NaN          NaN          NaN         NaN
95         NaN         NaN          NaN          NaN         NaN


$result.matrix
                                       1
error                     0.006141337536
reached.threshold         0.009870542522
steps                 86023.000000000000
Intercept.to.1layhid1     8.306611281961
RELY.to.1layhid1         -1.308717769283
DATA.to.1layhid1         -0.906736444396
CPLX.to.1layhid1         -0.986021338886
RUSE.to.1layhid1         -0.980020757775
PVOL.to.1layhid1         -2.195566004567
ACAP.to.1layhid1         -3.206077151549
APEX.to.1layhid1         -1.213654752777
Intercept.to.1layhid2   -11.634518644281
RELY.to.1layhid2          1.412891788458
DATA.to.1layhid2          0.741890418116
CPLX.to.1layhid2          0.942235533222
RUSE.to.1layhid2          0.866043765894
PVOL.to.1layhid2          2.034672096080
ACAP.to.1layhid2          2.082796230966
APEX.to.1layhid2          1.195649887477
Intercept.to.1layhid3     6.064557605616
RELY.to.1layhid3          6.037118492933
DATA.to.1layhid3          6.140764028485
CPLX.to.1layhid3          5.321196883780
RUSE.to.1layhid3          3.985676172766
PVOL.to.1layhid3          7.408844237499
ACAP.to.1layhid3          2.637705424237
APEX.to.1layhid3          4.940404602456
Intercept.to.RISK1     -168.611408664523
1layhid.1.to.RISK1     1577.751480565212
1layhid.2.to.RISK1    -8252.817321122906
1layhid.3.to.RISK1     -167.577585843736
Intercept.to.RISK2      153.228193075406
1layhid.1.to.RISK2     -674.892308801770
1layhid.2.to.RISK2    -3499.222005964963
1layhid.3.to.RISK2      151.822299236162
Intercept.to.RISK3      224.449380839389
1layhid.1.to.RISK3    -2310.343559424809
1layhid.2.to.RISK3    -2277.194898289770
1layhid.3.to.RISK3      222.327039634380
Intercept.to.RISK4      117.958155220997
1layhid.1.to.RISK4    -3819.809725281812
1layhid.2.to.RISK4     -516.251297033173
1layhid.3.to.RISK4      118.351038254569
Intercept.to.RISK5     -104.199874713180
1layhid.1.to.RISK5    -8545.435256516936
1layhid.2.to.RISK5      719.682743807437
1layhid.3.to.RISK5     -104.614172177192

attr(,"class")
[1] "nn"
