[1] "names"
 [1] "Phase"              "ISS_Num_Resolved"   "ISS_Num_Unresolved"
 [4] "Personnel"          "Estimated.Effort"   "Accu_Trivial"      
 [7] "Accu_Minor"         "Accu_Major"         "Accu_Critical"     
[10] "Accu_Block"         "Csmell"             "Svul"              
[13] "RISK1"              "RISK2"              "RISK3"             
[16] "RISK4"              "RISK5"             
 [1] "Phase"              "ISS_Num_Resolved"   "ISS_Num_Unresolved"
 [4] "Personnel"          "Estimated.Effort"   "Accu_Trivial"      
 [7] "Accu_Minor"         "Accu_Major"         "Accu_Critical"     
[10] "Accu_Block"         "Csmell"             "Svul"              
RISK1 + RISK2 + RISK3 + RISK4 + RISK5 ~ Phase + ISS_Num_Resolved + 
    ISS_Num_Unresolved + Personnel + Estimated.Effort + Accu_Trivial + 
    Accu_Minor + Accu_Major + Accu_Critical + Accu_Block + Csmell + 
    Svul
$call
neuralnet(formula = f, data = df, hidden = 3, act.fct = "logistic", 
    linear.output = FALSE)

$response
  RISK1 RISK2 RISK3 RISK4 RISK5
1     0     0     0     1     0
2     0     0     0     1     0
3     0     1     0     0     0
4     0     1     0     0     0
5     0     1     0     0     0
6     1     0     0     0     0
7     0     1     0     0     0
8     0     0     0     0     1

$covariate
     [,1] [,2] [,3] [,4]  [,5] [,6] [,7] [,8] [,9] [,10] [,11] [,12]
[1,]    1  131  169    8  3840    0    3    0    0     0  1129    17
[2,]    2  281  568    8  7680    0    2    8    0     0   982    41
[3,]    3  541  453    8 19200    3   12   17    0     0  1321    81
[4,]    4  281  271    8 13840    5   14   21    0     0  1523   163
[5,]    1  231  109   16  2320   13    2    2    3     4   313    18
[6,]    2  441  148   16  4310    4    4    8   16     4   583    23
[7,]    3 1341  503   16 24230   17   12   32   12     8   632    30
[8,]    4  441  571   16 23920    5   14   21   17     6   802    54

$model.list
$model.list$response
[1] "RISK1" "RISK2" "RISK3" "RISK4" "RISK5"

$model.list$variables
 [1] "Phase"              "ISS_Num_Resolved"   "ISS_Num_Unresolved"
 [4] "Personnel"          "Estimated.Effort"   "Accu_Trivial"      
 [7] "Accu_Minor"         "Accu_Major"         "Accu_Critical"     
[10] "Accu_Block"         "Csmell"             "Svul"              


$err.fct
function (x, y) 
{
    1/2 * (y - x)^2
}
<environment: 0x000000001dd6b468>
attr(,"type")
[1] "sse"

$act.fct
function (x) 
{
    1/(1 + exp(-x))
}
<environment: 0x000000001dd6b468>
attr(,"type")
[1] "logistic"

$linear.output
[1] FALSE

$data
  Phase ISS_Num_Resolved ISS_Num_Unresolved Personnel Estimated.Effort
1     1              131                169         8             3840
2     2              281                568         8             7680
3     3              541                453         8            19200
4     4              281                271         8            13840
5     1              231                109        16             2320
6     2              441                148        16             4310
7     3             1341                503        16            24230
8     4              441                571        16            23920
  Accu_Trivial Accu_Minor Accu_Major Accu_Critical Accu_Block Csmell Svul RISK1
1            0          3          0             0          0   1129   17     0
2            0          2          8             0          0    982   41     0
3            3         12         17             0          0   1321   81     0
4            5         14         21             0          0   1523  163     0
5           13          2          2             3          4    313   18     0
6            4          4          8            16          4    583   23     1
7           17         12         32            12          8    632   30     0
8            5         14         21            17          6    802   54     0
  RISK2 RISK3 RISK4 RISK5
1     0     0     1     0
2     0     0     1     0
3     1     0     0     0
4     1     0     0     0
5     1     0     0     0
6     0     0     0     0
7     1     0     0     0
8     0     0     0     1

$net.result
$net.result[[1]]
          [,1]       [,2]          [,3]        [,4]         [,5]
1 0.1252086494 0.49985192 0.02762402914 0.250035628 0.1279926221
2 0.1252086494 0.49985192 0.02762402914 0.250035628 0.1279926221
3 0.1252086494 0.49985192 0.02762402914 0.250035628 0.1279926221
4 0.1252086494 0.49985192 0.02762402914 0.250035628 0.1279926221
5 0.1252086494 0.49985192 0.02762402914 0.250035628 0.1279926221
6 0.1252086494 0.49985192 0.02762402914 0.250035628 0.1279926221
7 0.1252086494 0.49985192 0.02762402914 0.250035628 0.1279926221
8 0.1252086494 0.49985192 0.02762402914 0.250035628 0.1279926221


$weights
$weights[[1]]
$weights[[1]][[1]]
               [,1]           [,2]           [,3]
 [1,] -1.8307623300 -0.27629730145 -0.19754119643
 [2,]  1.2313674037  1.02912777628 -0.09879781675
 [3,]  1.6823375866 -0.25548757597 -0.82911695576
 [4,] -1.7110313754  0.51532414337  1.34031774084
 [5,] -0.2761005189  0.49093139676 -1.07166950843
 [6,] -0.4566206931 -1.43216571217 -0.09531172264
 [7,] -0.1879136103  0.67031235421 -0.18859948612
 [8,] -1.3342533226  1.89975921409  0.30735780262
 [9,]  0.8493846253 -2.58059621335  1.42923513161
[10,] -0.6252655424 -0.98684408819  0.76112825203
[11,] -0.5169676640  0.06336433162 -0.19521893723
[12,] -0.1730309144  0.16205833091 -1.82589447871
[13,]  1.4483066560 -0.32852219417 -0.01597793346

$weights[[1]][[2]]
              [,1]             [,2]           [,3]          [,4]          [,5]
[1,] -1.9440038602 -0.0005923199492 -3.56105651600 -1.0984222816 -1.9188252627
[2,]  0.1646084459  0.5205219379671  1.82538419397  2.8869796967  1.3643747951
[3,]  1.3205409058 -0.4313983290469 -0.03006054237  0.2825252281  0.8671032159
[4,]  1.0183590086  0.9237073961097 -1.05636729180  0.8290736233 -1.3470058292



$startweights
$startweights[[1]]
$startweights[[1]][[1]]
               [,1]           [,2]           [,3]
 [1,] -1.8307623300 -0.27629730145 -0.19754119643
 [2,]  1.2313674037  1.02912777628 -0.09879781675
 [3,]  1.6823375866 -0.25548757597 -0.82911695576
 [4,] -1.7110313754  0.51532414337  1.34031774084
 [5,] -0.2761005189  0.49093139676 -1.07166950843
 [6,] -0.4566206931 -1.43216571217 -0.09531172264
 [7,] -0.1879136103  0.67031235421 -0.18859948612
 [8,] -1.3342533226  1.89975921409  0.30735780262
 [9,]  0.8493846253 -2.58059621335  1.42923513161
[10,] -0.6252655424 -0.98684408819  0.76112825203
[11,] -0.5169676640  0.06336433162 -0.19521893723
[12,] -0.1730309144  0.16205833091 -1.82589447871
[13,]  1.4483066560 -0.32852219417 -0.01597793346

$startweights[[1]][[2]]
               [,1]          [,2]           [,3]         [,4]          [,5]
[1,] -0.06730386019 -1.4685173199 -0.16105651600 0.5932777184  1.4811747373
[2,]  0.16460844592  0.5205219380  1.82538419397 2.8869796967  1.3643747951
[3,]  1.32054090580 -0.4313983290 -0.03006054237 0.2825252281  0.8671032159
[4,]  1.01835900859  0.9237073961 -1.05636729180 0.8290736233 -1.3470058292



$generalized.weights
$generalized.weights[[1]]
  [,1] [,2] [,3] [,4] [,5] [,6] [,7] [,8] [,9] [,10] [,11] [,12] [,13] [,14]
1    0    0    0    0    0    0    0    0    0     0     0     0     0     0
2    0    0    0    0    0    0    0    0    0     0     0     0     0     0
3    0    0    0    0    0    0    0    0    0     0     0     0     0     0
4    0    0    0    0    0    0    0    0    0     0     0     0     0     0
5    0    0    0    0    0    0    0    0    0     0     0     0     0     0
6    0    0    0    0    0    0    0    0    0     0     0     0     0     0
7    0    0    0    0    0    0    0    0    0     0     0     0     0     0
8    0    0    0    0    0    0    0    0    0     0     0     0     0     0
  [,15] [,16] [,17] [,18] [,19] [,20] [,21] [,22] [,23] [,24] [,25] [,26] [,27]
1     0     0     0     0     0     0     0     0     0     0     0     0     0
2     0     0     0     0     0     0     0     0     0     0     0     0     0
3     0     0     0     0     0     0     0     0     0     0     0     0     0
4     0     0     0     0     0     0     0     0     0     0     0     0     0
5     0     0     0     0     0     0     0     0     0     0     0     0     0
6     0     0     0     0     0     0     0     0     0     0     0     0     0
7     0     0     0     0     0     0     0     0     0     0     0     0     0
8     0     0     0     0     0     0     0     0     0     0     0     0     0
  [,28] [,29] [,30] [,31] [,32] [,33] [,34] [,35] [,36] [,37] [,38] [,39] [,40]
1     0     0     0     0     0     0     0     0     0     0     0     0     0
2     0     0     0     0     0     0     0     0     0     0     0     0     0
3     0     0     0     0     0     0     0     0     0     0     0     0     0
4     0     0     0     0     0     0     0     0     0     0     0     0     0
5     0     0     0     0     0     0     0     0     0     0     0     0     0
6     0     0     0     0     0     0     0     0     0     0     0     0     0
7     0     0     0     0     0     0     0     0     0     0     0     0     0
8     0     0     0     0     0     0     0     0     0     0     0     0     0
  [,41] [,42] [,43] [,44] [,45] [,46] [,47] [,48] [,49] [,50] [,51] [,52] [,53]
1     0     0     0     0     0     0     0     0     0     0     0     0     0
2     0     0     0     0     0     0     0     0     0     0     0     0     0
3     0     0     0     0     0     0     0     0     0     0     0     0     0
4     0     0     0     0     0     0     0     0     0     0     0     0     0
5     0     0     0     0     0     0     0     0     0     0     0     0     0
6     0     0     0     0     0     0     0     0     0     0     0     0     0
7     0     0     0     0     0     0     0     0     0     0     0     0     0
8     0     0     0     0     0     0     0     0     0     0     0     0     0
  [,54] [,55] [,56] [,57] [,58] [,59] [,60]
1     0     0     0     0     0     0     0
2     0     0     0     0     0     0     0
3     0     0     0     0     0     0     0
4     0     0     0     0     0     0     0
5     0     0     0     0     0     0     0
6     0     0     0     0     0     0     0
7     0     0     0     0     0     0     0
8     0     0     0     0     0     0     0


$result.matrix
                                              1
error                           2.6280884380176
reached.threshold               0.0059360595904
steps                          35.0000000000000
Intercept.to.1layhid1          -1.8307623300142
Phase.to.1layhid1               1.2313674036974
ISS_Num_Resolved.to.1layhid1    1.6823375865528
ISS_Num_Unresolved.to.1layhid1 -1.7110313753705
Personnel.to.1layhid1          -0.2761005189191
Estimated.Effort.to.1layhid1   -0.4566206931378
Accu_Trivial.to.1layhid1       -0.1879136103352
Accu_Minor.to.1layhid1         -1.3342533225664
Accu_Major.to.1layhid1          0.8493846252993
Accu_Critical.to.1layhid1      -0.6252655424149
Accu_Block.to.1layhid1         -0.5169676639765
Csmell.to.1layhid1             -0.1730309143512
Svul.to.1layhid1                1.4483066560110
Intercept.to.1layhid2          -0.2762973014526
Phase.to.1layhid2               1.0291277762825
ISS_Num_Resolved.to.1layhid2   -0.2554875759700
ISS_Num_Unresolved.to.1layhid2  0.5153241433717
Personnel.to.1layhid2           0.4909313967649
Estimated.Effort.to.1layhid2   -1.4321657121713
Accu_Trivial.to.1layhid2        0.6703123542128
Accu_Minor.to.1layhid2          1.8997592140887
Accu_Major.to.1layhid2         -2.5805962133524
Accu_Critical.to.1layhid2      -0.9868440881860
Accu_Block.to.1layhid2          0.0633643316190
Csmell.to.1layhid2              0.1620583309109
Svul.to.1layhid2               -0.3285221941666
Intercept.to.1layhid3          -0.1975411964337
Phase.to.1layhid3              -0.0987978167530
ISS_Num_Resolved.to.1layhid3   -0.8291169557628
ISS_Num_Unresolved.to.1layhid3  1.3403177408391
Personnel.to.1layhid3          -1.0716695084266
Estimated.Effort.to.1layhid3   -0.0953117226421
Accu_Trivial.to.1layhid3       -0.1885994861166
Accu_Minor.to.1layhid3          0.3073578026204
Accu_Major.to.1layhid3          1.4292351316101
Accu_Critical.to.1layhid3       0.7611282520322
Accu_Block.to.1layhid3         -0.1952189372251
Csmell.to.1layhid3             -1.8258944787095
Svul.to.1layhid3               -0.0159779334595
Intercept.to.RISK1             -1.9440038601874
1layhid.1.to.RISK1              0.1646084459165
1layhid.2.to.RISK1              1.3205409058006
1layhid.3.to.RISK1              1.0183590085938
Intercept.to.RISK2             -0.0005923199492
1layhid.1.to.RISK2              0.5205219379671
1layhid.2.to.RISK2             -0.4313983290469
1layhid.3.to.RISK2              0.9237073961097
Intercept.to.RISK3             -3.5610565159992
1layhid.1.to.RISK3              1.8253841939682
1layhid.2.to.RISK3             -0.0300605423668
1layhid.3.to.RISK3             -1.0563672918028
Intercept.to.RISK4             -1.0984222815509
1layhid.1.to.RISK4              2.8869796966824
1layhid.2.to.RISK4              0.2825252280695
1layhid.3.to.RISK4              0.8290736232652
Intercept.to.RISK5             -1.9188252626521
1layhid.1.to.RISK5              1.3643747951018
1layhid.2.to.RISK5              0.8671032159113
1layhid.3.to.RISK5             -1.3470058292129

attr(,"class")
[1] "nn"
