[1] "names"
RISK1 + RISK2 + RISK3 + RISK4 + RISK5 ~ FCR + CD + ISS + ISRR + 
    DRR + SC + CWE + PREC + RESL + TEAM + PMAT + FLEX + RELY + 
    DATA + DOCU + CPLX + RUSE + TIME + STOR + PVOL + ACAP + AEPX + 
    PCAP + PEXP + LTEX + PCON + TOOL + SCED + SITE + AA + PR + 
    EXTT
$call
neuralnet(formula = f, data = df, hidden = 3, act.fct = "logistic", 
    linear.output = FALSE)

$response
  RISK1 RISK2 RISK3 RISK4 RISK5
1     1     0     0     0     0
2     0     0     0     0     1
3     1     0     0     0     0
4     0     0     0     0     1
5     0     1     0     0     0
6     1     0     0     0     0
7     0     0     0     0     1
8     1     0     0     0     0

$covariate
     [,1] [,2] [,3] [,4] [,5] [,6] [,7] [,8] [,9] [,10] [,11] [,12] [,13] [,14]
[1,]    1    1    1    1    1    1    1    1    1     1     1     1     1     1
[2,]    0    0    0    0    0    0    0    0    0     0     0     0     0     0
[3,]    1    1    1    1    1    1    1    1    1     1     1     1     1     1
[4,]    0    0    0    0    0    0    0    0    0     0     0     0     0     0
[5,]    1    1    1    1    1    1    1    1    1     1     1     1     1     1
[6,]    0    0    0    0    0    0    0    0    0     0     0     0     0     0
[7,]    1    1    1    1    1    1    1    1    1     1     1     1     1     1
[8,]    0    0    0    0    0    0    0    0    0     0     0     0     0     0
     [,15] [,16] [,17] [,18] [,19] [,20] [,21] [,22] [,23] [,24] [,25] [,26]
[1,]     1     1     1     1     1     1     1     1     1     1     1     1
[2,]     0     0     0     0     0     0     0     0     0     0     0     0
[3,]     1     1     1     1     1     1     1     1     1     1     1     1
[4,]     0     0     0     0     0     0     0     0     0     0     0     0
[5,]     1     1     1     1     1     1     1     1     1     1     1     1
[6,]     0     0     0     0     0     0     0     0     0     0     0     0
[7,]     1     1     1     1     1     1     1     1     1     1     1     1
[8,]     0     0     0     0     0     0     0     0     0     0     0     0
     [,27] [,28] [,29] [,30] [,31] [,32]
[1,]     1     1     1     1     1     1
[2,]     0     0     0     0     0     0
[3,]     1     1     1     1     1     1
[4,]     0     0     0     0     0     0
[5,]     1     1     1     1     1     1
[6,]     0     0     0     0     0     0
[7,]     1     1     1     1     1     1
[8,]     0     0     0     0     0     0

$model.list
$model.list$response
[1] "RISK1" "RISK2" "RISK3" "RISK4" "RISK5"

$model.list$variables
 [1] "FCR"  "CD"   "ISS"  "ISRR" "DRR"  "SC"   "CWE"  "PREC" "RESL" "TEAM"
[11] "PMAT" "FLEX" "RELY" "DATA" "DOCU" "CPLX" "RUSE" "TIME" "STOR" "PVOL"
[21] "ACAP" "AEPX" "PCAP" "PEXP" "LTEX" "PCON" "TOOL" "SCED" "SITE" "AA"  
[31] "PR"   "EXTT"


$err.fct
function (x, y) 
{
    1/2 * (y - x)^2
}
<environment: 0x00000000178d1898>
attr(,"type")
[1] "sse"

$act.fct
function (x) 
{
    1/(1 + exp(-x))
}
<environment: 0x00000000178d1898>
attr(,"type")
[1] "logistic"

$linear.output
[1] FALSE

$data
  FCR CD ISS ISRR DRR SC CWE PREC RESL TEAM PMAT FLEX RELY DATA DOCU CPLX RUSE
1   1  1   1    1   1  1   1    1    1    1    1    1    1    1    1    1    1
2   0  0   0    0   0  0   0    0    0    0    0    0    0    0    0    0    0
3   1  1   1    1   1  1   1    1    1    1    1    1    1    1    1    1    1
4   0  0   0    0   0  0   0    0    0    0    0    0    0    0    0    0    0
5   1  1   1    1   1  1   1    1    1    1    1    1    1    1    1    1    1
6   0  0   0    0   0  0   0    0    0    0    0    0    0    0    0    0    0
7   1  1   1    1   1  1   1    1    1    1    1    1    1    1    1    1    1
8   0  0   0    0   0  0   0    0    0    0    0    0    0    0    0    0    0
  TIME STOR PVOL ACAP AEPX PCAP PEXP LTEX PCON TOOL SCED SITE AA PR EXTT RISK1
1    1    1    1    1    1    1    1    1    1    1    1    1  1  1    1     1
2    0    0    0    0    0    0    0    0    0    0    0    0  0  0    0     0
3    1    1    1    1    1    1    1    1    1    1    1    1  1  1    1     1
4    0    0    0    0    0    0    0    0    0    0    0    0  0  0    0     0
5    1    1    1    1    1    1    1    1    1    1    1    1  1  1    1     0
6    0    0    0    0    0    0    0    0    0    0    0    0  0  0    0     1
7    1    1    1    1    1    1    1    1    1    1    1    1  1  1    1     0
8    0    0    0    0    0    0    0    0    0    0    0    0  0  0    0     1
  RISK2 RISK3 RISK4 RISK5
1     0     0     0     0
2     0     0     0     1
3     0     0     0     0
4     0     0     0     1
5     1     0     0     0
6     0     0     0     0
7     0     0     0     1
8     0     0     0     0

$net.result
$net.result[[1]]
          [,1]          [,2]               [,3]             [,4]         [,5]
1 0.4928783732 0.25301785501 0.0000005409428828 0.00001318761952 0.2610664734
2 0.5060660276 0.02812296283 0.0000040683311324 0.00034192527193 0.4883776606
3 0.4928783732 0.25301785501 0.0000005409428828 0.00001318761952 0.2610664734
4 0.5060660276 0.02812296283 0.0000040683311324 0.00034192527193 0.4883776606
5 0.4928783732 0.25301785501 0.0000005409428828 0.00001318761952 0.2610664734
6 0.5060660276 0.02812296283 0.0000040683311324 0.00034192527193 0.4883776606
7 0.4928783732 0.25301785501 0.0000005409428828 0.00001318761952 0.2610664734
8 0.5060660276 0.02812296283 0.0000040683311324 0.00034192527193 0.4883776606


$weights
$weights[[1]]
$weights[[1]][[1]]
                 [,1]           [,2]           [,3]
 [1,]  3.691647700345 -1.50648526036  1.28790976261
 [2,]  1.905988557721  1.59184980190 -0.38544350427
 [3,] -0.615648449337  0.97587966169  0.63785395804
 [4,] -1.265115117696  2.82603680216 -0.34152499428
 [5,] -0.339296734371  2.27371790141  0.72277782813
 [6,]  2.167174904192  1.81981593508 -1.14778225048
 [7,]  3.562079155495 -0.04816732909 -0.18640300021
 [8,]  0.870941166427  0.04718810803  0.70653665123
 [9,]  2.407559474832  2.02278217203  0.78041233036
[10,]  0.499079334602  0.47504987568  0.74393783825
[11,] -0.075928896500  2.49686845849  1.90125568827
[12,] -0.376887692164  1.05460676958  0.21125753159
[13,]  0.257910967070  1.32377015933 -0.46488283767
[14,] -0.613548696471  0.55766732364 -0.15959341446
[15,]  1.015731695133  1.21438774946 -0.72908706447
[16,]  0.004465301658  1.01300526653 -1.24463905067
[17,]  1.449314951087  2.93775792869 -0.07160741355
[18,]  1.333985902565  0.84134749906 -0.10246342054
[19,]  1.650877069198  0.40526982571  1.63421147317
[20,]  1.306648529984  1.07779311929 -0.40955727488
[21,]  0.207389571401  0.00935776981  0.79419769595
[22,] -0.996084292822  1.44487633465 -0.51360375473
[23,] -0.267475444669  1.66600478252  0.55941864000
[24,]  0.410120386765  1.75914049337  0.61434922067
[25,] -1.135923333251  0.21763274574  0.46139050919
[26,]  2.182688296939  0.16495631852 -2.00953253164
[27,] -0.200038939119  1.56992088454 -0.21292471455
[28,]  0.603165526996  0.40174254875 -1.74399336896
[29,]  0.017665847735 -0.82528760037 -0.53482235537
[30,] -1.310229585925  1.91102869373 -0.99935440857
[31,]  1.106791977221  1.45170961035 -1.12921235837
[32,]  0.594152317603  2.24548218040  1.77852717271
[33,]  1.797916149695  1.72309031520  0.20184375701

$weights[[1]][[2]]
               [,1]          [,2]         [,3]         [,4]          [,5]
[1,]  1.36670331241 -0.2208781160 -4.254167142 -2.205251395  0.7004810570
[2,] -1.23383052984 -0.7338414744 -4.462513069 -3.100294106 -0.2905117632
[3,] -0.05329012126  2.4247602329 -2.977954947 -4.275827402 -1.2523823578
[4,] -0.16452006093 -3.8859373349 -4.164059093 -2.519224611 -0.3014518920



$startweights
$startweights[[1]]
$startweights[[1]][[1]]
               [,1]           [,2]          [,3]
 [1,]  1.7146934603 -0.70648526036  1.3886706130
 [2,]  1.1767214377  0.31097268190 -0.4259027187
 [3,] -1.3449155693 -0.30499745831  0.5973947436
 [4,] -1.9943822377  1.54515968216 -0.3819842087
 [5,] -1.0685638544  0.99284078141  0.6823186137
 [6,]  1.4379077842  0.53893881508 -1.1882414649
 [7,]  2.8328120355 -1.32904444909 -0.2268622147
 [8,]  0.1416740464 -1.23368901197  0.6660774368
 [9,]  1.6782923548  0.74190505203  0.7399531159
[10,] -0.2301877854 -0.80582724432  0.7034786238
[11,] -0.8051960165  1.21599133849  1.8607964738
[12,] -1.1061548122 -0.22627035042  0.1707983171
[13,] -0.4713561529  0.04289303933 -0.5053420521
[14,] -1.3428158165 -0.72320979636 -0.2000526289
[15,]  0.2864645751 -0.06648937054 -0.7695462789
[16,] -0.7248018183 -0.26787185347 -1.2850982651
[17,]  0.7200478311  1.65688080869 -0.1120666280
[18,]  0.6047187826 -0.43952962094 -0.1429226350
[19,]  0.9216099492 -0.87560729429  1.5937522587
[20,]  0.5773814100 -0.20308400071 -0.4500164893
[21,] -0.5218775486 -1.27151935019  0.7537384815
[22,] -1.7253514128  0.16399921465 -0.5540629692
[23,] -0.9967425647  0.38512766252  0.5189594255
[24,] -0.3191467332  0.47826337337  0.5738900062
[25,] -1.8651904533 -1.06324437426  0.4209312947
[26,]  1.4534211769 -1.11592080148 -2.0499917461
[27,] -0.9293060591  0.28904376454 -0.2533839290
[28,] -0.1261015930 -0.87913457125 -1.7844525834
[29,] -0.7116012723 -2.10616472037 -0.5752815698
[30,] -2.0394967059  0.63015157373 -1.0398136230
[31,]  0.3775248572  0.17083249035 -1.1696715728
[32,] -0.1351148024  0.96460506040  1.7380679583
[33,]  1.0686490297  0.44221319520  0.1613845425

$startweights[[1]][[2]]
              [,1]          [,2]          [,3]          [,4]          [,5]
[1,]  1.5363588976  0.6938475679 -0.4541671423  1.5947486050  0.7729393185
[2,] -1.1257349447  0.1436873529 -0.6625130686  0.6997058937 -0.3094351787
[3,] -0.2833318913  2.0775839549  0.8220450532 -0.4758274022  0.8238947622
[4,]  0.0786895279 -2.1786810569 -0.3640590929  1.2807753886 -1.1744191752



$generalized.weights
$generalized.weights[[1]]
            [,1]            [,2]          [,3]           [,4]           [,5]
1  0.01429247321 -0.023652003203 0.01266395005 -0.02680103084  0.04256044640
2 -0.05766548956 -0.007480076691 0.02419807826 -0.02821272551 -0.04586417552
3  0.01429247321 -0.023652003203 0.01266395005 -0.02680103084  0.04256044640
4 -0.05766548956 -0.007480076691 0.02419807826 -0.02821272551 -0.04586417552
5  0.01429247321 -0.023652003203 0.01266395005 -0.02680103084  0.04256044640
6 -0.05766548956 -0.007480076691 0.02419807826 -0.02821272551 -0.04586417552
7  0.01429247321 -0.023652003203 0.01266395005 -0.02680103084  0.04256044640
8 -0.05766548956 -0.007480076691 0.02419807826 -0.02821272551 -0.04586417552
             [,6]           [,7]          [,8]           [,9]          [,10]
1  0.006911932485 -0.02619879884 -0.0289381535 -0.02758565691 -0.07049968964
2 -0.098727476474 -0.04557471037 -0.1082674004 -0.03911516425 -0.07054676120
3  0.006911932485 -0.02619879884 -0.0289381535 -0.02758565691 -0.07049968964
4 -0.098727476474 -0.04557471037 -0.1082674004 -0.03911516425 -0.07054676120
5  0.006911932485 -0.02619879884 -0.0289381535 -0.02758565691 -0.07049968964
6 -0.098727476474 -0.04557471037 -0.1082674004 -0.03911516425 -0.07054676120
7  0.006911932485 -0.02619879884 -0.0289381535 -0.02758565691 -0.07049968964
8 -0.098727476474 -0.04557471037 -0.1082674004 -0.03911516425 -0.07054676120
            [,11]          [,12]          [,13]          [,14]         [,15]
1 -0.007833554541  0.01723813151 0.005917818803  0.02703498079 0.04615195492
2 -0.003201248300 -0.00506941832 0.018001395640 -0.01902833986 0.02655128723
3 -0.007833554541  0.01723813151 0.005917818803  0.02703498079 0.04615195492
4 -0.003201248300 -0.00506941832 0.018001395640 -0.01902833986 0.02655128723
5 -0.007833554541  0.01723813151 0.005917818803  0.02703498079 0.04615195492
6 -0.003201248300 -0.00506941832 0.018001395640 -0.01902833986 0.02655128723
7 -0.007833554541  0.01723813151 0.005917818803  0.02703498079 0.04615195492
8 -0.003201248300 -0.00506941832 0.018001395640 -0.01902833986 0.02655128723
            [,16]          [,17]          [,18]          [,19]          [,20]
1  0.002655244826  0.00379940393 -0.06059753230  0.01518662638 -0.02944932215
2 -0.063696039650 -0.04286494714 -0.09711069256 -0.03537427206 -0.02828897495
3  0.002655244826  0.00379940393 -0.06059753230  0.01518662638 -0.02944932215
4 -0.063696039650 -0.04286494714 -0.09711069256 -0.03537427206 -0.02828897495
5  0.002655244826  0.00379940393 -0.06059753230  0.01518662638 -0.02944932215
6 -0.063696039650 -0.04286494714 -0.09711069256 -0.03537427206 -0.02828897495
7  0.002655244826  0.00379940393 -0.06059753230  0.01518662638 -0.02944932215
8 -0.063696039650 -0.04286494714 -0.09711069256 -0.03537427206 -0.02828897495
          [,21]          [,22]          [,23]          [,24]           [,25]
1 0.01904473255 -0.02074357518 -0.02278043400 -0.01710863355  0.074514658433
2 0.03205009372 -0.02095115206 -0.04306131991  0.01867625822 -0.009194283539
3 0.01904473255 -0.02074357518 -0.02278043400 -0.01710863355  0.074514658433
4 0.03205009372 -0.02095115206 -0.04306131991  0.01867625822 -0.009194283539
5 0.01904473255 -0.02074357518 -0.02278043400 -0.01710863355  0.074514658433
6 0.03205009372 -0.02095115206 -0.04306131991  0.01867625822 -0.009194283539
7 0.01904473255 -0.02074357518 -0.02278043400 -0.01710863355  0.074514658433
8 0.03205009372 -0.02095115206 -0.04306131991  0.01867625822 -0.009194283539
             [,26]         [,27]         [,28]         [,29]         [,30]
1  0.0078953749066 0.06466830927 0.01983153045 0.03705665530  0.0418718642
2 -0.0006325274907 0.02778024612 0.02092585575 0.05110186007 -0.0124178493
3  0.0078953749066 0.06466830927 0.01983153045 0.03705665530  0.0418718642
4 -0.0006325274907 0.02778024612 0.02092585575 0.05110186007 -0.0124178493
5  0.0078953749066 0.06466830927 0.01983153045 0.03705665530  0.0418718642
6 -0.0006325274907 0.02778024612 0.02092585575 0.05110186007 -0.0124178493
7  0.0078953749066 0.06466830927 0.01983153045 0.03705665530  0.0418718642
8 -0.0006325274907 0.02778024612 0.02092585575 0.05110186007 -0.0124178493
           [,31]           [,32]        [,33]          [,34]        [,35]
1 -0.06594884369 -0.007484487063 0.3375859322 -0.55865651100 0.2991204484
2 -0.08475678459 -0.071913152215 0.7939395482 -0.05784668815 1.2647460257
3 -0.06594884369 -0.007484487063 0.3375859322 -0.55865651100 0.2991204484
4 -0.08475678459 -0.071913152215 0.7939395482 -0.05784668815 1.2647460257
5 -0.06594884369 -0.007484487063 0.3375859322 -0.55865651100 0.2991204484
6 -0.08475678459 -0.071913152215 0.7939395482 -0.05784668815 1.2647460257
7 -0.06594884369 -0.007484487063 0.3375859322 -0.55865651100 0.2991204484
8 -0.08475678459 -0.071913152215 0.7939395482 -0.05784668815 1.2647460257
          [,36]       [,37]         [,38]         [,39]         [,40]
1 -0.6330360338 1.005270908 0.16325876466 -0.6188113999 -0.6835145014
2  0.3488402088 1.373506604 0.04336419897 -0.4634393747  0.1726715277
3 -0.6330360338 1.005270908 0.16325876466 -0.6188113999 -0.6835145014
4  0.3488402088 1.373506604 0.04336419897 -0.4634393747  0.1726715277
5 -0.6330360338 1.005270908 0.16325876466 -0.6188113999 -0.6835145014
6  0.3488402088 1.373506604 0.04336419897 -0.4634393747  0.1726715277
7 -0.6330360338 1.005270908 0.16325876466 -0.6188113999 -0.6835145014
8  0.3488402088 1.373506604 0.04336419897 -0.4634393747  0.1726715277
          [,41]         [,42]         [,43]        [,44]        [,45]
1 -0.6515687675 -1.6651913125 -0.1850272998 0.4071618916 0.1397779211
2 -0.3274955042 -0.3514248269  0.2472698172 0.7784043714 0.3166274967
3 -0.6515687675 -1.6651913125 -0.1850272998 0.4071618916 0.1397779211
4 -0.3274955042 -0.3514248269  0.2472698172 0.7784043714 0.3166274967
5 -0.6515687675 -1.6651913125 -0.1850272998 0.4071618916 0.1397779211
6 -0.3274955042 -0.3514248269  0.2472698172 0.7784043714 0.3166274967
7 -0.6515687675 -1.6651913125 -0.1850272998 0.4071618916 0.1397779211
8 -0.3274955042 -0.3514248269  0.2472698172 0.7784043714 0.3166274967
         [,46]       [,47]         [,48]         [,49]         [,50]
1 0.6385619004 1.090101740 0.06271646841 0.08974132106 -1.4313039354
2 0.8997942505 1.184377033 1.07996304996 0.34725698719 -0.9589468685
3 0.6385619004 1.090101740 0.06271646841 0.08974132106 -1.4313039354
4 0.8997942505 1.184377033 1.07996304996 0.34725698719 -0.9589468685
5 0.6385619004 1.090101740 0.06271646841 0.08974132106 -1.4313039354
6 0.8997942505 1.184377033 1.07996304996 0.34725698719 -0.9589468685
7 0.6385619004 1.090101740 0.06271646841 0.08974132106 -1.4313039354
8 0.8997942505 1.184377033 1.07996304996 0.34725698719 -0.9589468685
         [,51]         [,52]        [,53]         [,54]         [,55]
1 0.3587056805 -0.6955882431 0.4498335054 -0.4899599065 -0.5380701773
2 0.6351166654 -0.5232339445 0.8759446634  0.2362928339  0.2218624076
3 0.3587056805 -0.6955882431 0.4498335054 -0.4899599065 -0.5380701773
4 0.6351166654 -0.5232339445 0.8759446634  0.2362928339  0.2218624076
5 0.3587056805 -0.6955882431 0.4498335054 -0.4899599065 -0.5380701773
6 0.6351166654 -0.5232339445 0.8759446634  0.2362928339  0.2218624076
7 0.3587056805 -0.6955882431 0.4498335054 -0.4899599065 -0.5380701773
8 0.6351166654 -0.5232339445 0.8759446634  0.2362928339  0.2218624076
          [,56]       [,57]        [,58]       [,59]         [,60]        [,61]
1 -0.4041031787 1.760024248 0.1864874815 1.527455052 0.46841755447 0.8752722162
2 -0.2056682674 1.344706330 0.7091140406 1.282633409 0.05464976781 1.3691780203
3 -0.4041031787 1.760024248 0.1864874815 1.527455052 0.46841755447 0.8752722162
4 -0.2056682674 1.344706330 0.7091140406 1.282633409 0.05464976781 1.3691780203
5 -0.4041031787 1.760024248 0.1864874815 1.527455052 0.46841755447 0.8752722162
6 -0.2056682674 1.344706330 0.7091140406 1.282633409 0.05464976781 1.3691780203
7 -0.4041031787 1.760024248 0.1864874815 1.527455052 0.46841755447 0.8752722162
8 -0.2056682674 1.344706330 0.7091140406 1.282633409 0.05464976781 1.3691780203
         [,62]         [,63]         [,64]         [,65]         [,66]
1 0.9890066972 -1.5577010581 -0.1767823621  0.3617474089 -0.5986403076
2 1.2471702237 -0.3728144368  0.4563503994 -0.6339835447 -0.8165519123
3 0.9890066972 -1.5577010581 -0.1767823621  0.3617474089 -0.5986403076
4 1.2471702237 -0.3728144368  0.4563503994 -0.6339835447 -0.8165519123
5 0.9890066972 -1.5577010581 -0.1767823621  0.3617474089 -0.5986403076
6 1.2471702237 -0.3728144368  0.4563503994 -0.6339835447 -0.8165519123
7 0.9890066972 -1.5577010581 -0.1767823621  0.3617474089 -0.5986403076
8 1.2471702237 -0.3728144368  0.4563503994 -0.6339835447 -0.8165519123
          [,67]         [,68]         [,69]         [,70]         [,71]
1  0.3205289025 -0.6783432732  1.0772194949  0.1749434096 -0.6631005645
2 -0.8750389588 -1.4798096074 -0.2245375123 -0.2244118044 -0.6116776306
3  0.3205289025 -0.6783432732  1.0772194949  0.1749434096 -0.6631005645
4 -0.8750389588 -1.4798096074 -0.2245375123 -0.2244118044 -0.6116776306
5  0.3205289025 -0.6783432732  1.0772194949  0.1749434096 -0.6631005645
6 -0.8750389588 -1.4798096074 -0.2245375123 -0.2244118044 -0.6116776306
7  0.3205289025 -0.6783432732  1.0772194949  0.1749434096 -0.6631005645
8 -0.8750389588 -1.4798096074 -0.2245375123 -0.2244118044 -0.6116776306
          [,72]         [,73]        [,74]         [,75]         [,76]
1 -0.7324345558 -0.6982024206 -1.784371293 -0.1982699518  0.4363030152
2 -1.7003982330 -0.7879396554 -2.437996768 -0.5756346912 -0.2848052826
3 -0.7324345558 -0.6982024206 -1.784371293 -0.1982699518  0.4363030152
4 -1.7003982330 -0.7879396554 -2.437996768 -0.5756346912 -0.2848052826
5 -0.7324345558 -0.6982024206 -1.784371293 -0.1982699518  0.4363030152
6 -1.7003982330 -0.7879396554 -2.437996768 -0.5756346912 -0.2848052826
7 -0.7324345558 -0.6982024206 -1.784371293 -0.1982699518  0.4363030152
8 -1.7003982330 -0.7879396554 -2.437996768 -0.5756346912 -0.2848052826
           [,77]         [,78]        [,79]          [,80]          [,81]
1  0.14978201551  0.6842646326 1.1681217869  0.06720516861  0.09616422643
2 -0.06907273223 -0.1302470683 0.4297279745 -1.40240183675 -0.44112378478
3  0.14978201551  0.6842646326 1.1681217869  0.06720516861  0.09616422643
4 -0.06907273223 -0.1302470683 0.4297279745 -1.40240183675 -0.44112378478
5  0.14978201551  0.6842646326 1.1681217869  0.06720516861  0.09616422643
6 -0.06907273223 -0.1302470683 0.4297279745 -1.40240183675 -0.44112378478
7  0.14978201551  0.6842646326 1.1681217869  0.06720516861  0.09616422643
8 -0.06907273223 -0.1302470683 0.4297279745 -1.40240183675 -0.44112378478
         [,82]         [,83]         [,84]         [,85]         [,86]
1 -1.533744284  0.3843787266 -0.7453724288  0.4820286952 -0.5250269952
2 -1.507278029 -0.3261138747 -0.5865268779 -0.1711855992 -1.1033366295
3 -1.533744284  0.3843787266 -0.7453724288  0.4820286952 -0.5250269952
4 -1.507278029 -0.3261138747 -0.5865268779 -0.1711855992 -1.1033366295
5 -1.533744284  0.3843787266 -0.7453724288  0.4820286952 -0.5250269952
6 -1.507278029 -0.3261138747 -0.5865268779 -0.1711855992 -1.1033366295
7 -1.533744284  0.3843787266 -0.7453724288  0.4820286952 -0.5250269952
8 -1.507278029 -0.3261138747 -0.5865268779 -0.1711855992 -1.1033366295
          [,87]         [,88]       [,89]         [,90]        [,91]
1 -0.5765805836 -0.4330253849 1.885991546  0.1998346414 1.6367770627
2 -1.2550570197 -0.3015397743 1.113893649 -0.5229764946 0.9890645017
3 -0.5765805836 -0.4330253849 1.885991546  0.1998346414 1.6367770627
4 -1.2550570197 -0.3015397743 1.113893649 -0.5229764946 0.9890645017
5 -0.5765805836 -0.4330253849 1.885991546  0.1998346414 1.6367770627
6 -1.2550570197 -0.3015397743 1.113893649 -0.5229764946 0.9890645017
7 -0.5765805836 -0.4330253849 1.885991546  0.1998346414 1.6367770627
8 -1.2550570197 -0.3015397743 1.113893649 -0.5229764946 0.9890645017
         [,92]           [,93]         [,94]        [,95]         [,96]
1 0.5019428284  0.937916626727 1.05979123441 -1.669187817 -0.1894349155
2 0.7405686581 -0.001336326264 0.03748341414 -2.311166656 -1.0950062436
3 0.5019428284  0.937916626727 1.05979123441 -1.669187817 -0.1894349155
4 0.7405686581 -0.001336326264 0.03748341414 -2.311166656 -1.0950062436
5 0.5019428284  0.937916626727 1.05979123441 -1.669187817 -0.1894349155
6 0.7405686581 -0.001336326264 0.03748341414 -2.311166656 -1.0950062436
7 0.5019428284  0.937916626727 1.05979123441 -1.669187817 -0.1894349155
8 0.7405686581 -0.001336326264 0.03748341414 -2.311166656 -1.0950062436
          [,97]         [,98]         [,99]        [,100]        [,101]
1  0.2188544769 -0.3621729093  0.1939175892 -0.4103926074  0.6517097385
2 -0.9866720449 -0.8467888293 -1.5559269956 -1.7276332102 -0.8252197438
3  0.2188544769 -0.3621729093  0.1939175892 -0.4103926074  0.6517097385
4 -0.9866720449 -0.8467888293 -1.5559269956 -1.7276332102 -0.8252197438
5  0.2188544769 -0.3621729093  0.1939175892 -0.4103926074  0.6517097385
6 -0.9866720449 -0.8467888293 -1.5559269956 -1.7276332102 -0.8252197438
7  0.2188544769 -0.3621729093  0.1939175892 -0.4103926074  0.6517097385
8 -0.9866720449 -0.8467888293 -1.5559269956 -1.7276332102 -0.8252197438
         [,102]        [,103]        [,104]        [,105]       [,106]
1  0.1058394541 -0.4011708829 -0.4431174293 -0.4224072432 -1.079531288
2 -0.1519241970 -0.3956803039 -1.7949788186 -0.6560208298 -2.391839789
3  0.1058394541 -0.4011708829 -0.4431174293 -0.4224072432 -1.079531288
4 -0.1519241970 -0.3956803039 -1.7949788186 -0.6560208298 -2.391839789
5  0.1058394541 -0.4011708829 -0.4431174293 -0.4224072432 -1.079531288
6 -0.1519241970 -0.3956803039 -1.7949788186 -0.6560208298 -2.391839789
7  0.1058394541 -0.4011708829 -0.4431174293 -0.4224072432 -1.079531288
8 -0.1519241970 -0.3956803039 -1.7949788186 -0.6560208298 -2.391839789
         [,107]        [,108]         [,109]        [,110]        [,111]
1 -0.1199518381  0.2639600614  0.09061699936  0.4139749855  0.7067049456
2 -0.7322371448 -0.6612381223 -0.24089769013 -0.5347370467 -0.1123366384
3 -0.1199518381  0.2639600614  0.09061699936  0.4139749855  0.7067049456
4 -0.7322371448 -0.6612381223 -0.24089769013 -0.5347370467 -0.1123366384
5 -0.1199518381  0.2639600614  0.09061699936  0.4139749855  0.7067049456
6 -0.7322371448 -0.6612381223 -0.24089769013 -0.5347370467 -0.1123366384
7 -0.1199518381  0.2639600614  0.09061699936  0.4139749855  0.7067049456
8 -0.7322371448 -0.6612381223 -0.24089769013 -0.5347370467 -0.1123366384
          [,112]         [,113]        [,114]        [,115]        [,116]
1  0.04065862425  0.05817863768 -0.9279038222  0.2325462550 -0.4509447454
2 -1.94183582742 -0.58874901173 -1.0765192124 -0.6058020888 -0.3602545956
3  0.04065862425  0.05817863768 -0.9279038222  0.2325462550 -0.4509447454
4 -1.94183582742 -0.58874901173 -1.0765192124 -0.6058020888 -0.3602545956
5  0.04065862425  0.05817863768 -0.9279038222  0.2325462550 -0.4509447454
6 -1.94183582742 -0.58874901173 -1.0765192124 -0.6058020888 -0.3602545956
7  0.04065862425  0.05817863768 -0.9279038222  0.2325462550 -0.4509447454
8 -1.94183582742 -0.58874901173 -1.0765192124 -0.6058020888 -0.3602545956
         [,117]        [,118]        [,119]        [,120]       [,121]
1  0.2916237560 -0.3176374058 -0.3488269413 -0.2619771195 1.1410107814
2 -0.6250858126 -1.2772197919 -1.4096772360 -0.2516115744 0.5925296026
3  0.2916237560 -0.3176374058 -0.3488269413 -0.2619771195 1.1410107814
4 -0.6250858126 -1.2772197919 -1.4096772360 -0.2516115744 0.5925296026
5  0.2916237560 -0.3176374058 -0.3488269413 -0.2619771195 1.1410107814
6 -0.6250858126 -1.2772197919 -1.4096772360 -0.2516115744 0.5925296026
7  0.2916237560 -0.3176374058 -0.3488269413 -0.2619771195 1.1410107814
8 -0.6250858126 -1.2772197919 -1.4096772360 -0.2516115744 0.5925296026
         [,122]       [,123]       [,124]        [,125]        [,126]
1  0.1208984637 0.9902378827 0.3036716575  0.5674325454  0.6411657713
2 -0.8914366990 0.4450042654 0.7511613086 -0.6906518736 -0.5213419746
3  0.1208984637 0.9902378827 0.3036716575  0.5674325454  0.6411657713
4 -0.8914366990 0.4450042654 0.7511613086 -0.6906518736 -0.5213419746
5  0.1208984637 0.9902378827 0.3036716575  0.5674325454  0.6411657713
6 -0.8914366990 0.4450042654 0.7511613086 -0.6906518736 -0.5213419746
7  0.1208984637 0.9902378827 0.3036716575  0.5674325454  0.6411657713
8 -0.8914366990 0.4450042654 0.7511613086 -0.6906518736 -0.5213419746
        [,127]        [,128]         [,129]         [,130]         [,131]
1 -1.009846147 -0.1146067075  0.02618825489 -0.04333782239  0.02320429223
2 -2.229094034 -1.3127905823 -0.28956589788 -0.20987229896 -0.49952852304
3 -1.009846147 -0.1146067075  0.02618825489 -0.04333782239  0.02320429223
4 -2.229094034 -1.3127905823 -0.28956589788 -0.20987229896 -0.49952852304
5 -1.009846147 -0.1146067075  0.02618825489 -0.04333782239  0.02320429223
6 -2.229094034 -1.3127905823 -0.28956589788 -0.20987229896 -0.49952852304
7 -1.009846147 -0.1146067075  0.02618825489 -0.04333782239  0.02320429223
8 -2.229094034 -1.3127905823 -0.28956589788 -0.20987229896 -0.49952852304
         [,132]         [,133]          [,134]         [,135]         [,136]
1 -0.0491078197  0.07798396894  0.012664811139 -0.04800434271 -0.05302369097
2 -0.4575390308 -0.29482914094 -0.006076939301 -0.05087578869 -0.43274296143
3 -0.0491078197  0.07798396894  0.012664811139 -0.04800434271 -0.05302369097
4 -0.4575390308 -0.29482914094 -0.006076939301 -0.05087578869 -0.43274296143
5 -0.0491078197  0.07798396894  0.012664811139 -0.04800434271 -0.05302369097
6 -0.4575390308 -0.29482914094 -0.006076939301 -0.05087578869 -0.43274296143
7 -0.0491078197  0.07798396894  0.012664811139 -0.04800434271 -0.05302369097
8 -0.4575390308 -0.29482914094 -0.006076939301 -0.05087578869 -0.43274296143
          [,137]        [,138]         [,139]        [,140]         [,141]
1 -0.05054549803 -0.1291773460 -0.01435350719  0.0315856155  0.01084328318
2 -0.12981314047 -0.5610671081 -0.20437078912 -0.2242768462 -0.09135399237
3 -0.05054549803 -0.1291773460 -0.01435350719  0.0315856155  0.01084328318
4 -0.12981314047 -0.5610671081 -0.20437078912 -0.2242768462 -0.09135399237
5 -0.05054549803 -0.1291773460 -0.01435350719  0.0315856155  0.01084328318
6 -0.12981314047 -0.5610671081 -0.20437078912 -0.2242768462 -0.09135399237
7 -0.05054549803 -0.1291773460 -0.01435350719  0.0315856155  0.01084328318
8 -0.12981314047 -0.5610671081 -0.20437078912 -0.2242768462 -0.09135399237
          [,142]         [,143]          [,144]          [,145]        [,146]
1  0.04953648918  0.08456472757  0.004865234821  0.006961689883 -0.1110335146
2 -0.19565777336 -0.12488769585 -0.552814466094 -0.160470036863 -0.1702530968
3  0.04953648918  0.08456472757  0.004865234821  0.006961689883 -0.1110335146
4 -0.19565777336 -0.12488769585 -0.552814466094 -0.160470036863 -0.1702530968
5  0.04953648918  0.08456472757  0.004865234821  0.006961689883 -0.1110335146
6 -0.19565777336 -0.12488769585 -0.552814466094 -0.160470036863 -0.1702530968
7  0.04953648918  0.08456472757  0.004865234821  0.006961689883 -0.1110335146
8 -0.19565777336 -0.12488769585 -0.552814466094 -0.160470036863 -0.1702530968
          [,147]         [,148]         [,149]         [,150]         [,151]
1  0.02782662106 -0.05396031226  0.03489586936 -0.03800867796 -0.04174083603
2 -0.18857730167 -0.04374177254 -0.23567020171 -0.33664266582 -0.36144560175
3  0.02782662106 -0.05396031226  0.03489586936 -0.03800867796 -0.04174083603
4 -0.18857730167 -0.04374177254 -0.23567020171 -0.33664266582 -0.36144560175
5  0.02782662106 -0.05396031226  0.03489586936 -0.03800867796 -0.04174083603
6 -0.18857730167 -0.04374177254 -0.23567020171 -0.33664266582 -0.36144560175
7  0.02782662106 -0.05396031226  0.03489586936 -0.03800867796 -0.04174083603
8 -0.18857730167 -0.04374177254 -0.23567020171 -0.33664266582 -0.36144560175
          [,152]        [,153]         [,154]        [,155]        [,156]
1 -0.03134833554 0.13653401823  0.01446678095 0.11849244485 0.03633752834
2 -0.05622200609 0.05692194948 -0.27977939834 0.01020044917 0.18071882102
3 -0.03134833554 0.13653401823  0.01446678095 0.11849244485 0.03633752834
4 -0.05622200609 0.05692194948 -0.27977939834 0.01020044917 0.18071882102
5 -0.03134833554 0.13653401823  0.01446678095 0.11849244485 0.03633752834
6 -0.05622200609 0.05692194948 -0.27977939834 0.01020044917 0.18071882102
7 -0.03134833554 0.13653401823  0.01446678095 0.11849244485 0.03633752834
8 -0.05622200609 0.05692194948 -0.27977939834 0.01020044917 0.18071882102
          [,157]         [,158]        [,159]         [,160]
1  0.06789931058  0.07672227163 -0.1208387812 -0.01371390567
2 -0.29540334823 -0.21999188491 -0.5126548388 -0.34323531539
3  0.06789931058  0.07672227163 -0.1208387812 -0.01371390567
4 -0.29540334823 -0.21999188491 -0.5126548388 -0.34323531539
5  0.06789931058  0.07672227163 -0.1208387812 -0.01371390567
6 -0.29540334823 -0.21999188491 -0.5126548388 -0.34323531539
7  0.06789931058  0.07672227163 -0.1208387812 -0.01371390567
8 -0.29540334823 -0.21999188491 -0.5126548388 -0.34323531539


$result.matrix
                                    1
error                  2.252290370914
reached.threshold      0.006431514346
steps                 39.000000000000
Intercept.to.1layhid1  3.691647700345
FCR.to.1layhid1        1.905988557721
CD.to.1layhid1        -0.615648449337
ISS.to.1layhid1       -1.265115117696
ISRR.to.1layhid1      -0.339296734371
DRR.to.1layhid1        2.167174904192
SC.to.1layhid1         3.562079155495
CWE.to.1layhid1        0.870941166427
PREC.to.1layhid1       2.407559474832
RESL.to.1layhid1       0.499079334602
TEAM.to.1layhid1      -0.075928896500
PMAT.to.1layhid1      -0.376887692164
FLEX.to.1layhid1       0.257910967070
RELY.to.1layhid1      -0.613548696471
DATA.to.1layhid1       1.015731695133
DOCU.to.1layhid1       0.004465301658
CPLX.to.1layhid1       1.449314951087
RUSE.to.1layhid1       1.333985902565
TIME.to.1layhid1       1.650877069198
STOR.to.1layhid1       1.306648529984
PVOL.to.1layhid1       0.207389571401
ACAP.to.1layhid1      -0.996084292822
AEPX.to.1layhid1      -0.267475444669
PCAP.to.1layhid1       0.410120386765
PEXP.to.1layhid1      -1.135923333251
LTEX.to.1layhid1       2.182688296939
PCON.to.1layhid1      -0.200038939119
TOOL.to.1layhid1       0.603165526996
SCED.to.1layhid1       0.017665847735
SITE.to.1layhid1      -1.310229585925
AA.to.1layhid1         1.106791977221
PR.to.1layhid1         0.594152317603
EXTT.to.1layhid1       1.797916149695
Intercept.to.1layhid2 -1.506485260360
FCR.to.1layhid2        1.591849801896
CD.to.1layhid2         0.975879661693
ISS.to.1layhid2        2.826036802158
ISRR.to.1layhid2       2.273717901407
DRR.to.1layhid2        1.819815935084
SC.to.1layhid2        -0.048167329088
CWE.to.1layhid2        0.047188108029
PREC.to.1layhid2       2.022782172030
RESL.to.1layhid2       0.475049875683
TEAM.to.1layhid2       2.496868458488
PMAT.to.1layhid2       1.054606769580
FLEX.to.1layhid2       1.323770159327
RELY.to.1layhid2       0.557667323643
DATA.to.1layhid2       1.214387749462
DOCU.to.1layhid2       1.013005266531
CPLX.to.1layhid2       2.937757928687
RUSE.to.1layhid2       0.841347499060
TIME.to.1layhid2       0.405269825713
STOR.to.1layhid2       1.077793119286
PVOL.to.1layhid2       0.009357769810
ACAP.to.1layhid2       1.444876334649
AEPX.to.1layhid2       1.666004782521
PCAP.to.1layhid2       1.759140493367
PEXP.to.1layhid2       0.217632745738
LTEX.to.1layhid2       0.164956318523
PCON.to.1layhid2       1.569920884541
TOOL.to.1layhid2       0.401742548749
SCED.to.1layhid2      -0.825287600370
SITE.to.1layhid2       1.911028693725
AA.to.1layhid2         1.451709610352
PR.to.1layhid2         2.245482180404
EXTT.to.1layhid2       1.723090315196
Intercept.to.1layhid3  1.287909762614
FCR.to.1layhid3       -0.385443504273
CD.to.1layhid3         0.637853958036
ISS.to.1layhid3       -0.341524994278
ISRR.to.1layhid3       0.722777828127
DRR.to.1layhid3       -1.147782250485
SC.to.1layhid3        -0.186403000214
CWE.to.1layhid3        0.706536651233
PREC.to.1layhid3       0.780412330361
RESL.to.1layhid3       0.743937838254
TEAM.to.1layhid3       1.901255688265
PMAT.to.1layhid3       0.211257531588
FLEX.to.1layhid3      -0.464882837675
RELY.to.1layhid3      -0.159593414464
DATA.to.1layhid3      -0.729087064467
DOCU.to.1layhid3      -1.244639050666
CPLX.to.1layhid3      -0.071607413552
RUSE.to.1layhid3      -0.102463420538
TIME.to.1layhid3       1.634211473170
STOR.to.1layhid3      -0.409557274879
PVOL.to.1layhid3       0.794197695954
ACAP.to.1layhid3      -0.513603754731
AEPX.to.1layhid3       0.559418639997
PCAP.to.1layhid3       0.614349220673
PEXP.to.1layhid3       0.461390509186
LTEX.to.1layhid3      -2.009532531638
PCON.to.1layhid3      -0.212924714549
TOOL.to.1layhid3      -1.743993368963
SCED.to.1layhid3      -0.534822355370
SITE.to.1layhid3      -0.999354408568
AA.to.1layhid3        -1.129212358373
PR.to.1layhid3         1.778527172715
EXTT.to.1layhid3       0.201843757012
Intercept.to.RISK1     1.366703312407
1layhid.1.to.RISK1    -1.233830529844
1layhid.2.to.RISK1    -0.053290121263
1layhid.3.to.RISK1    -0.164520060931
Intercept.to.RISK2    -0.220878115974
1layhid.1.to.RISK2    -0.733841474409
1layhid.2.to.RISK2     2.424760232875
1layhid.3.to.RISK2    -3.885937334917
Intercept.to.RISK3    -4.254167142274
1layhid.1.to.RISK3    -4.462513068613
1layhid.2.to.RISK3    -2.977954946760
1layhid.3.to.RISK3    -4.164059092852
Intercept.to.RISK4    -2.205251394976
1layhid.1.to.RISK4    -3.100294106274
1layhid.2.to.RISK4    -4.275827402235
1layhid.3.to.RISK4    -2.519224611441
Intercept.to.RISK5     0.700481056993
1layhid.1.to.RISK5    -0.290511763193
1layhid.2.to.RISK5    -1.252382357824
1layhid.3.to.RISK5    -0.301451892019

attr(,"class")
[1] "nn"
[1] "sequence"
[1] 1 2 3 4 5 6 7 8
[1] "test indexes"
[1] 1 2
[1] "the predictions results for testing data set"
          [,1]          [,2]               [,3]             [,4]         [,5]
1 0.4928783732 0.25301785501 0.0000005409428828 0.00001318761952 0.2610664734
2 0.5060660276 0.02812296283 0.0000040683311324 0.00034192527193 0.4883776606
  [,1]
1    1
2    1
[1] "testing data set actual risk"
    1     2 
 TRUE FALSE 
[1] 0.5
[1] "test indexes"
[1] 3
[1] "the predictions results for testing data set"
          [,1]        [,2]               [,3]             [,4]         [,5]
3 0.4928783732 0.253017855 0.0000005409428828 0.00001318761952 0.2610664734
  [,1]
3    1
[1] "testing data set actual risk"
   3 
TRUE 
[1] 1
[1] "test indexes"
[1] 4 5
[1] "the predictions results for testing data set"
          [,1]          [,2]               [,3]             [,4]         [,5]
4 0.5060660276 0.02812296283 0.0000040683311324 0.00034192527193 0.4883776606
5 0.4928783732 0.25301785501 0.0000005409428828 0.00001318761952 0.2610664734
  [,1]
4    1
5    1
[1] "testing data set actual risk"
    4     5 
FALSE FALSE 
[1] 0
[1] "test indexes"
[1] 6
[1] "the predictions results for testing data set"
          [,1]          [,2]              [,3]            [,4]         [,5]
6 0.5060660276 0.02812296283 0.000004068331132 0.0003419252719 0.4883776606
  [,1]
6    1
[1] "testing data set actual risk"
   6 
TRUE 
[1] 1
[1] "test indexes"
[1] 7 8
[1] "the predictions results for testing data set"
          [,1]          [,2]               [,3]             [,4]         [,5]
7 0.4928783732 0.25301785501 0.0000005409428828 0.00001318761952 0.2610664734
8 0.5060660276 0.02812296283 0.0000040683311324 0.00034192527193 0.4883776606
  [,1]
7    1
8    1
[1] "testing data set actual risk"
    7     8 
FALSE  TRUE 
[1] 0.5
[1] "testing results"
[1] 0.5 1.0 0.0 1.0 0.5
[1] 0.6
